96 19 6.48670783
53 76 5.81568996
4 10 9.01460352
29 78 6.81449703
71 28 7.21453032
50 15 3.1393881
6 47 4.09571641
41 19 1.25094613
85 2 3.29558046
8 57 9.2320336
16 7 7.41242248
84 11 7.89168591
99 79 8.15719093
36 80 5.75106566
18 53 7.77230064
22 54 9.04651779
77 30 9.51114119
79 68 9.73990445
12 7 3.49848217
25 0 3.33402418
4 49 0.33838724
94 75 0.18071101
56 46 8.24278372
6 7 3.17658797
48 7 4.23798231
80 71 3.41886677
68 81 9.61393996
79 99 2.43366521
72 25 8.42978317
42 39 3.13787316
81 99 2.35762994
29 49 1.0790719
42 8 0.57645069
58 6 7.22938569
17 49 8.68224781
94 85 1.57040593
70 42 7.88195103
21 9 4.61533805
5 87 0.76524007
52 63 0.17864089
66 86 5.07727205
80 16 7.7585261
86 14 1.41432724
26 83 7.7119812
98 33 4.14695668
38 54 7.89312063
74 86 2.26700294
16 48 0.37969366
19 86 5.94160126
65 97 0.92132256
61 29 6.92635122
5 76 4.42493078
45 41 5.39192495
64 84 5.4890889
38 68 8.80442016
63 23 0.37936889
26 57 0.45445157
45 9 6.45299756
57 3 5.65426331
73 24 2.77050474
34 31 1.4858276
70 82 7.09769141
12 32 4.37132458
61 70 5.27914218
40 46 7.3640919
96 75 8.24980111
45 72 0.97990445
23 90 0.30961568
5 20 7.13334717
95 73 6.86791044
82 68 4.89109775
75 47 0.68943677
43 42 1.10203599
98 96 8.6216386
86 6 8.70168395
94 12 8.87107238
32 12 8.65468382
66 69 8.6141469
79 31 0.16568093
3 80 2.5525815
44 90 7.31086347
31 73 3.03346586
58 22 5.81875794
90 78 6.3394252
38 22 8.9763819
34 89 7.2243921
49 31 2.42372939
17 58 7.95375869
61 98 8.72549338
88 62 3.17141129
46 4 8.60825795
83 69 9.30348044
73 5 4.91802556
92 46 7.52546768
15 51 7.00234408
75 79 3.62230793
7 0 4.99403762
1 65 3.79424424
12 14 9.80933825
15 97 8.2313159
62 51 5.62688997
2 66 5.01777338
19 94 7.59517168
48 80 3.66199463
62 16 4.64498215
98 60 6.44198368
47 61 1.92810227
72 62 1.86311381
4 76 6.52730814
66 36 3.27291963
35 87 2.09123076
41 27 0.54419623
59 0 3.74948528
97 82 5.72366858
87 48 9.69437686
49 38 7.25507319
36 58 8.28699415
80 34 3.9568442
10 89 3.77898622
47 27 6.47639667
92 94 9.70582301
87 5 6.47603395
55 47 2.79148891
37 70 0.61893092
22 82 6.72687633
87 83 9.35512735
53 67 5.61386263
81 31 4.37002732
82 26 7.07175646
91 46 2.11318746
65 3 2.21591644
97 12 1.84901631
3 94 2.50535805
49 42 6.19050724
85 71 5.58355729
66 93 4.5524061
40 41 5.35635743
8 98 1.64152122
94 89 6.10087273
96 3 8.74949541
78 53 1.63487847
5 12 9.46281708
82 10 7.46636189
26 2 0.61998539
91 22 5.72884126
84 14 8.07265828
98 70 4.66966304
93 77 0.20084317
37 89 9.1521595
10 43 8.9527559
67 37 1.51911492
86 59 5.10185437
78 56 9.56968234
25 79 4.89342991
43 6 4.68941242
37 74 0.70070629
82 35 7.03913372
98 57 7.55166746
60 82 3.72703107
97 20 7.54538823
47 57 9.35843109
73 16 3.35053019
20 52 0.02099006
92 88 4.39829596
79 51 3.18245645
84 80 0.63375118
8 81 0.10106048
57 68 5.00622443
59 77 0.90310259
53 55 5.54362985
18 4 7.21483101
96 49 0.87979349
10 94 4.95009183
34 75 1.79351705
63 34 5.63155052
95 78 6.66320872
86 31 6.89177601
7 43 8.96835359
75 28 4.95771224
27 78 7.87592705
63 28 6.05012268
41 17 2.17778704
11 15 3.2889564
43 64 6.699027
79 32 4.96919372
0 48 6.4964084
10 67 2.24560486
26 1 3.41058362
84 70 7.74565123
81 65 8.02754223
43 3 7.96260878
3 38 1.55030831
68 71 1.65007436
2 48 5.40631621
85 3 9.79845853
59 5 8.60387895
0 87 3.95277248
10 47 6.08242275
73 60 4.1461847
91 16 7.86389237
92 24 1.76512913
89 56 0.39881561
54 16 4.30107811
62 43 2.2651766
75 18 5.78136158
71 37 4.67046583
38 61 6.2626844
66 75 7.90973489
1 17 3.84102362
19 14 2.85861634
20 66 9.48233759
26 22 9.149067
44 96 8.8160729
23 15 8.0857042
92 47 5.02312797
67 7 4.43664648
55 52 1.31644536
18 66 6.41372463
98 64 8.7852778
76 63 5.95112472
51 16 4.0535312
67 1 9.72232289
76 55 5.53793497
42 96 5.3585279
24 57 5.44218952
91 41 7.73401227
36 82 5.04880216
79 69 3.37574186
3 45 4.18987511
73 72 3.75686416
46 7 7.58825397
91 0 4.80240912
87 29 4.81534295
79 15 7.24707272
27 48 9.05958789
86 91 6.78962797
36 86 3.54228552
86 37 4.1415662
88 94 1.24220622
20 10 6.01153455
28 1 7.8349417
45 59 4.70666916
95 0 3.70469862
98 80 4.64431948
16 72 4.92769357
55 68 8.18203433
50 27 5.31691831
3 60 7.21994601
45 36 5.19790904
7 41 4.58805831
11 0 2.97882278
87 59 3.23812365
36 11 0.51774128
47 85 3.64807836
95 54 2.9650606
31 63 4.47386342
16 65 4.65542036
48 31 0.6844026
47 92 5.17445917
54 15 5.44502476
72 1 0.78376275
28 40 3.00354061
67 30 5.3710288
8 24 0.54048342
62 10 3.16724205
56 18 8.24780816
90 70 5.22345593
99 54 7.73135564
89 23 0.81146975
69 0 2.6268944
81 68 5.72796402
98 8 6.41498089
81 13 1.96856162
26 19 3.76057792
27 5 2.0529145
90 56 5.10330679
73 93 3.16081786
6 69 0.9422006
95 75 8.33971502
14 60 7.75643794
34 74 3.46020781
37 48 0.8862974
78 64 6.86154383
33 10 4.81174914
54 3 7.78995512
89 5 8.57146184
75 98 2.60113616
33 70 6.9174261
21 45 1.20520565
62 46 9.99053896
15 32 5.44758163
65 91 7.10969544
76 0 3.8453729
10 98 0.88648577
99 72 3.18615935
9 64 3.32001931
2 91 1.65475193
46 26 7.27665495
53 64 7.17224527
40 9 6.92646238
46 34 0.30502037
15 37 0.14724421
26 84 6.11879373
20 80 8.82705224
0 20 6.63354664
2 3 4.4345191
72 20 3.25693181
47 10 0.24021768
19 35 7.82572958
82 22 1.43364313
32 66 7.65177927
11 49 0.23027218
5 93 9.64197682
5 57 5.12952031
92 83 5.0449295
50 40 9.1960911
1 52 4.6301497
88 11 4.86887969
61 63 9.78822646
33 99 2.31709988
92 48 8.38329295
46 42 7.66063496
3 72 1.10174269
38 62 3.2649304
83 91 0.81725678
59 61 1.25059273
3 28 2.9637323
26 98 8.62196701
77 44 7.67245584
38 63 9.84826482
66 89 7.77267326
46 69 9.96867656
54 97 5.65196288
93 56 6.99974105
55 74 9.55712692
61 94 5.83496317
59 9 7.368102
5 41 0.92674119
68 26 0.79806445
39 97 8.56625875
19 16 8.68953647
89 3 1.89108485
26 93 4.87482393
54 73 1.49514435
98 90 4.03474073
68 0 7.05602745
67 59 3.08329591
19 96 9.59647793
11 86 6.48097771
50 68 9.56805805
13 67 6.01449306
18 69 2.55741292
25 67 8.88444793
57 6 0.68084111
40 14 2.19573698
81 88 9.25169834
27 63 3.49403567
42 92 8.88528743
67 20 8.34198081
63 22 4.05011136
11 55 8.52361205
13 52 2.4618613
16 74 7.23430478
38 85 6.06859678
6 72 3.56691165
9 44 3.94520946
67 79 8.93642872
43 73 5.57805057
60 37 5.24736861
67 34 3.45787656
71 17 7.75069004
84 31 9.57591049
99 50 5.32550438
51 10 8.73886576
6 44 6.77244756
43 79 3.65143371
57 58 7.82331513
57 71 1.13549354
9 19 2.2925518
5 83 8.19291341
46 3 6.18803629
24 17 3.26330644
33 74 4.8734869
26 75 7.25417669
97 29 8.6134993
34 68 9.19595539
7 81 3.13068385
63 99 8.18683334
21 93 1.54903237
44 60 3.16407224
81 11 0.51274943
31 32 2.8779501
78 31 3.39104615
59 51 9.15420483
78 60 8.67812661
50 97 4.02152281
80 82 7.14935785
17 13 1.91807841
42 81 9.52491867
94 92 2.69611295
35 0 1.03370634
6 45 4.4025179
20 48 9.50345045
77 80 2.62022931
6 8 7.98074752
64 33 5.11407194
6 54 5.31296095
40 97 1.27924691
14 90 8.15757663
19 51 7.67113036
39 99 5.16995679
2 24 0.29874234
23 52 4.99769485
61 18 7.90190664
13 92 9.65710524
34 36 8.50182304
32 33 8.95138261
76 45 2.14134936
24 44 3.50022926
3 24 3.22133528
65 20 7.86942661
83 33 7.67365778
9 58 8.39191006
15 14 8.06493542
5 99 2.97011558
23 46 9.47971182
22 77 8.0667272
23 85 7.45049361
61 17 7.23448746
34 73 2.2001436
9 74 6.94014679
64 74 8.16632922
79 27 6.12541254
19 66 9.67459155
62 56 1.81640181
74 42 9.24013221
10 23 7.68039796
68 25 2.70108497
64 47 0.33349888
8 68 7.48621763
80 23 8.59814189
29 7 1.82555317
18 38 6.76114158
14 6 9.9357257
57 17 4.03580094
13 45 5.14711587
69 35 5.66951388
34 64 9.06361299
73 4 5.80158971
16 68 8.58494602
92 29 0.67817484
48 68 6.01523134
38 4 8.37876678
36 52 2.32668405
45 37 4.7608207
2 95 4.74844585
40 39 3.70187764
87 94 9.83828255
50 39 1.51305018
36 33 7.8419231
98 37 0.97606143
79 89 8.39938574
80 78 0.24452914
31 37 0.56416715
20 85 6.84598134
19 64 5.67320391
82 57 5.95919922
12 53 9.00988932
56 85 6.17613531
78 39 1.40756341
10 42 6.70638938
42 66 2.48387017
13 60 8.08771965
46 61 5.70427775
66 37 5.66359769
82 19 3.66973547
71 86 7.53446578
13 49 4.7465887
99 40 8.86545863
86 9 8.90050191
93 87 4.75679284
91 9 8.1025056
58 79 1.73258956
92 15 3.13271824
51 11 6.90506342
18 40 7.64442073
5 22 0.84904882
15 88 0.9693263
86 69 1.62942314
50 83 1.98744355
57 41 9.39665321
11 93 7.53410728
76 52 8.62762795
58 81 1.19681552
8 73 4.24597941
42 55 6.56337598
36 6 4.3738745
67 71 4.99447094
52 22 9.96749324
37 3 6.47859573
