86 91 2.8716919
86 54 2.30844319
33 99 6.91142483
49 73 5.53750349
43 5 5.81832426
55 66 6.18196629
20 48 3.53765324
52 45 1.25813744
34 60 9.05454333
59 17 3.56876471
87 10 7.96563564
46 63 9.67406351
84 61 5.99620877
0 47 0.2881705
97 79 4.08859489
14 41 1.50444421
39 39 5.82814101
84 30 3.60952581
65 55 4.60737666
70 54 7.94342721
44 0 3.4808256
9 3 3.20443628
14 44 0.75393075
92 93 7.42781791
26 66 5.81301487
59 2 3.52020014
6 75 1.74985068
15 50 2.65388989
44 48 3.52738093
90 31 0.21184648
73 70 8.44688334
99 50 4.89887905
59 26 2.71805995
75 98 6.46265401
82 64 4.68899539
99 20 6.33638855
35 72 8.82676196
32 47 2.36902622
21 58 3.26032104
73 73 3.52492864
69 0 1.72784366
34 57 0.74975121
72 66 4.39330778
86 15 1.32971316
12 36 5.46080131
98 28 3.76068267
60 19 4.68534516
41 73 3.34396935
49 21 5.91979312
67 53 2.7337969
29 18 9.30412292
41 44 2.08710949
81 69 5.85181079
1 10 1.67446646
71 57 2.01184234
49 22 1.98020129
72 99 6.91351483
85 45 1.71438696
75 23 3.31279545
3 19 8.1970831
96 51 5.6831339
29 86 1.717608
17 90 4.80135833
66 48 3.9000694
75 79 7.95532789
50 81 1.59005865
35 27 5.88443135
88 8 0.8850667
17 77 8.595471
30 12 9.07809279
29 92 7.68759442
71 44 6.55187797
45 5 7.91264902
40 9 7.80467965
15 25 1.58547983
57 54 9.94784228
96 86 1.70014098
76 35 6.78864942
23 9 8.5452144
86 97 2.63119693
52 73 2.51596659
44 91 0.5421774
17 71 2.1183247
6 41 0.50191157
58 46 0.00387651
36 38 5.25338777
92 84 8.70655966
9 71 7.35655919
36 99 7.17335245
33 57 5.10244083
71 36 6.48226117
53 99 4.62652887
96 97 4.41119425
62 5 4.2059179
10 85 7.22938467
60 34 1.08610504
0 88 4.98482267
80 67 9.85156537
90 72 8.08277693
6 97 1.92499449
77 5 7.20598579
16 40 2.09629814
33 54 1.00596439
57 80 1.96152588
48 74 3.17992798
45 1 8.68578077
68 73 6.06090457
51 47 9.13005498
18 21 5.07388167
73 39 8.55390166
31 58 0.0193848
54 6 8.22500494
38 80 7.32865477
67 90 2.69342887
53 7 4.96471026
22 68 5.18779408
42 83 0.07516519
7 83 9.08487767
17 51 5.92831718
92 76 4.12687413
54 15 1.9232264
85 93 6.69864257
82 34 5.0932732
6 39 1.04683705
33 29 0.96875002
89 51 2.97585846
96 33 7.16886069
19 61 4.54366202
53 82 9.94058987
8 60 5.36929991
39 94 4.65996665
45 34 3.16649268
49 90 0.53954368
0 65 1.07846621
53 60 8.83073711
85 8 2.25097868
21 5 0.43584497
1 34 6.69969038
65 67 3.05819083
29 71 6.37614016
73 17 7.66027774
7 11 3.06501919
92 95 6.8751859
10 99 7.01545573
85 70 0.18477061
63 93 5.54915939
19 46 4.37413363
92 74 4.344806
24 40 8.10007317
52 20 8.65357487
62 20 9.29812731
46 9 9.82922685
49 89 6.23009713
54 80 7.27541765
63 83 2.44343645
86 14 4.65606985
90 37 7.36383134
67 48 2.50294333
7 33 0.35385834
54 14 9.11689903
94 73 5.70187078
81 71 8.67855132
41 4 2.68069222
92 32 4.12536864
48 46 9.71391124
28 80 3.4623831
56 34 4.98566416
96 59 5.81982466
66 0 9.25875462
7 67 2.12227517
15 6 1.10509401
36 23 2.95645773
8 10 4.2941407
83 96 6.23217052
6 96 8.51520099
66 79 6.12365382
41 64 8.11887856
19 42 6.69736224
2 53 2.91794634
84 15 6.3316274
34 53 5.40157424
18 32 0.88816994
43 23 4.52632279
21 55 0.80182743
99 77 1.5633009
3 93 7.03503627
3 73 7.2333488
78 98 4.37521625
1 91 2.52291232
32 86 0.96873787
28 16 2.88025373
27 62 3.13276531
33 71 9.35692333
59 41 1.23979176
3 3 9.81620612
19 2 2.473439
25 64 1.97143271
33 0 0.45621976
24 93 5.13585919
69 50 0.79822926
61 95 5.52231957
43 62 1.29025173
44 56 0.92428436
48 81 7.91227518
49 53 0.86571759
83 43 8.00951876
82 71 4.05459196
9 40 8.39424443
65 29 4.03220373
13 73 4.05943565
71 37 1.017839
26 64 1.45841401
49 74 7.60062661
69 45 7.31555387
27 1 7.70365743
53 50 9.28024352
15 98 1.6503548
85 41 1.11600391
56 21 6.95329913
21 27 0.06559798
52 31 6.63959977
29 45 4.96501161
64 2 3.0108716
89 80 6.72025184
33 34 4.35700321
46 47 2.3975113
63 2 4.96581038
39 40 6.83610849
50 72 5.94994543
39 46 9.8849797
28 64 0.59487218
85 90 2.76277978
72 93 3.43208811
15 41 7.34977809
1 55 6.6292422
3 70 3.72483656
27 60 9.32742798
85 81 7.42904443
37 53 8.11393863
56 1 2.32530886
65 24 8.89003719
33 88 9.9917261
22 79 4.51424245
70 21 8.55849112
39 68 6.62327028
7 32 0.43306826
77 20 4.09303635
98 40 5.23635459
95 54 3.26935533
89 83 8.87518197
63 26 3.15206878
34 25 7.47238686
96 58 6.4818344
72 16 0.59711797
0 51 0.06252023
41 57 1.68475735
14 61 6.31750723
36 17 8.461933
36 88 5.54035813
88 45 0.09360248
9 93 2.9603592
75 75 4.21687583
40 29 3.81153654
89 95 2.34351089
22 2 5.1233935
69 86 4.89693522
38 11 4.58249101
58 74 9.48230029
87 78 3.90596902
26 70 2.54285801
46 95 3.37319521
91 53 0.51881619
54 2 0.15516444
64 91 5.57221419
5 91 9.47966837
75 89 9.43485706
12 73 8.6753545
9 68 4.12908747
64 1 0.94742793
60 92 4.58271101
57 51 3.43429204
12 56 2.20105084
9 11 9.56964063
24 80 7.68446812
72 97 7.85789892
95 77 7.31469711
22 78 6.83198813
75 81 8.19653369
63 25 5.00856223
60 82 8.76809787
52 33 2.41011473
3 92 4.41511902
30 72 1.78559582
35 81 9.49519254
16 30 1.44119565
33 24 9.66942575
27 2 0.13472805
92 85 6.73973654
35 16 2.57889553
92 90 8.44015673
51 99 2.3041252
53 59 6.20643526
95 53 5.06220061
56 52 5.58987306
20 44 6.99321084
15 31 3.21871785
75 16 2.69215217
78 72 9.28233722
4 82 9.88730663
95 4 9.36652231
90 99 2.90589211
91 10 2.81071569
53 84 5.42235152
55 92 7.99346328
23 6 4.83315728
20 54 6.19540299
81 35 0.57409552
58 24 9.37055023
10 23 5.99381263
51 12 5.18168192
61 24 8.6274806
6 86 7.87635049
15 69 8.22421411
62 99 2.08748664
84 31 2.55341764
88 83 6.26732737
31 47 2.54077996
38 77 9.09750766
92 41 3.75547668
31 19 3.62954983
25 88 0.19371609
1 66 6.00828928
36 57 4.86953969
85 40 9.19526443
31 12 6.47306163
10 37 7.85178431
37 29 4.71252202
93 15 2.08639077
85 64 2.96963093
73 32 1.71882073
7 49 2.80422901
89 76 7.54448725
92 29 1.02545888
27 18 0.0952522
72 96 1.25555737
69 48 8.60322231
81 45 0.81900911
3 65 6.92512074
36 98 2.52660312
71 54 2.31121014
