20 30 5.49206567
40 80 3.20288137
91 73 0.2041933
16 23 6.71534972
98 74 9.21636188
48 73 0.4592422
74 49 6.37534463
0 81 6.59262596
22 51 9.89108821
44 23 5.135903
74 4 3.69947914
26 59 7.49364642
3 12 4.45998214
86 41 2.18571409
45 50 4.36329582
65 13 0.35028563
97 78 4.74535795
18 90 7.01555486
61 87 4.81790571
57 40 1.29293411
5 8 5.40694851
51 5 6.03565595
30 79 4.80413251
21 29 0.6652723
81 86 8.19887737
3 84 9.85381869
92 65 0.82236598
79 69 0.91224952
24 69 0.82439184
44 31 1.81727218
17 7 1.38474531
4 32 2.99616283
90 55 1.16864468
86 7 0.31376196
37 53 9.91062422
82 23 4.72921476
80 39 9.15327265
61 31 2.98331502
76 70 5.50543826
3 91 2.59144642
18 42 4.10822396
85 22 0.59539661
86 60 5.69106678
11 68 3.01310961
30 8 4.18008642
60 35 2.11244977
62 1 2.84026195
79 81 1.4961394
5 11 7.34008816
65 46 7.06822526
99 14 8.33130464
16 20 2.18339892
83 79 0.50499855
24 77 0.85646725
89 70 9.8294911
37 47 7.32417534
6 9 6.78516969
52 27 0.31215934
87 15 0.75097928
45 68 7.41191265
30 98 4.47030292
76 85 6.23825292
85 69 8.8058633
69 86 8.23964548
97 37 0.6554425
39 57 9.60060679
57 78 0.9894792
28 42 9.57916496
76 40 1.63767712
90 70 9.24741721
45 41 3.88690319
9 5 1.38783361
4 44 7.10368007
71 26 5.15742641
51 44 1.72971995
45 84 1.67194167
27 36 0.43962648
93 62 3.39133407
27 16 0.53406045
97 55 6.56976401
43 53 4.44255934
50 73 7.05086683
78 67 0.57723025
83 15 7.46158658
49 11 4.21653937
18 2 8.03310531
31 35 6.57376426
54 37 2.72905538
83 91 1.13368945
52 93 7.16880227
60 58 9.80183771
67 55 4.38862962
42 26 1.97672766
95 42 3.31660076
42 35 0.93392681
70 17 3.06764491
2 80 7.65358856
72 14 9.82625386
35 58 3.98868019
8 38 3.82611122
82 71 0.00610038
12 56 0.56305824
14 18 4.21775388
99 2 5.91122241
77 66 8.70597238
91 4 8.01631704
29 1 7.55869532
46 70 2.76428369
65 42 6.92790941
46 53 0.5932326
58 95 4.67424167
6 66 4.08440347
42 53 1.26138922
7 14 7.51123877
20 57 7.50432273
81 88 0.17494081
11 93 0.72586121
39 52 8.17654374
44 65 6.45423626
48 92 2.67021807
89 78 2.89851926
89 92 6.36346893
81 11 7.07584472
78 59 4.86668431
10 50 1.88836171
4 61 1.69660674
11 87 4.21286307
23 92 3.43800102
73 77 6.06794823
79 86 3.63788683
77 93 7.35379479
52 84 8.56724391
33 99 9.17691778
90 85 7.26727651
52 3 6.88319842
54 51 5.58218079
75 16 6.95839323
45 96 1.88690443
92 95 7.51896399
15 0 2.45090681
49 6 1.23359513
74 2 4.79943748
75 31 8.90322068
3 67 8.83685536
26 62 7.15909624
47 57 5.45027011
97 17 2.91968326
22 82 8.72162817
0 63 7.79772672
90 90 1.05985389
96 63 0.95716188
18 15 5.12869818
97 38 7.4629891
36 44 0.56510528
30 20 8.20492448
97 22 8.91425355
93 35 9.45521779
70 49 4.01978142
97 87 2.90257843
57 98 1.91195049
87 3 9.4149144
18 36 1.18351909
65 10 5.15843844
7 86 2.50091376
95 26 7.88817055
8 33 9.20246193
75 45 4.73471105
37 13 7.16833768
34 75 7.21252464
86 28 8.53438195
36 99 9.36055633
95 5 5.33759794
28 87 3.33803797
95 44 8.98918044
27 88 8.86651937
56 57 2.66949128
33 43 6.16708506
87 1 8.3525121
1 29 3.39454113
82 21 9.77996279
59 65 8.59618228
8 70 7.65023559
46 72 5.08157205
85 36 1.46407064
27 28 5.92553211
77 49 7.76749603
91 2 6.48949309
9 84 4.40834978
83 26 4.37849617
61 41 5.69142581
82 87 0.88595906
48 75 4.79197746
4 79 6.10479786
57 87 2.02014629
25 98 7.92570465
51 14 1.84310717
22 95 4.4699569
80 66 7.83249969
40 19 3.9122512
30 84 9.74767754
11 73 3.6051905
4 81 4.23562847
48 44 7.90605384
39 67 1.36208143
26 69 8.04494651
79 2 4.16842389
2 31 8.74420446
38 39 4.83802687
22 11 8.30215424
47 97 8.86883224
88 23 4.90981117
43 3 3.87507307
68 24 3.35117304
45 94 0.6832255
94 82 0.94628347
14 12 0.41464289
20 6 1.69801354
22 72 8.37649965
3 14 7.36098548
44 42 1.05481294
95 47 7.51896007
1 72 5.32991951
37 1 1.45362065
7 70 8.35983485
58 17 0.3761054
75 89 9.5039866
34 48 1.70347211
82 76 8.70107337
97 71 5.98070544
40 28 1.87776808
15 16 2.85120643
66 75 7.16428525
28 72 2.59637082
59 56 3.46217616
13 2 7.94847096
66 37 0.5812112
81 87 6.03587581
60 79 0.52016251
86 73 4.62437106
13 48 3.20934081
71 29 4.03110025
44 75 3.56615844
15 99 8.57708786
14 1 0.11577969
34 95 1.05474095
32 35 5.02069312
56 83 4.80169549
79 56 7.36839547
30 60 7.16307403
52 26 5.46328697
20 61 9.26555269
84 80 2.34577773
32 53 8.06435268
33 63 6.33167654
8 56 2.48932008
15 40 6.52629196
94 92 8.48848416
40 34 5.04382465
97 27 2.82185534
45 1 3.05702189
42 82 4.57755516
23 77 5.51513057
56 62 9.46759833
54 67 8.01719182
89 64 9.94910247
80 62 6.22203375
76 71 0.93380436
66 96 2.0636025
49 83 9.253912
52 90 7.98662767
0 60 8.73789351
40 86 3.08972375
91 28 4.56625767
30 55 5.55619198
79 98 9.40645654
53 41 3.81605357
16 0 4.14925971
60 73 9.46502555
91 90 4.01786164
39 40 4.1851399
40 68 1.40471
67 29 1.78651138
22 48 4.39109171
91 39 0.08840432
50 42 2.72573514
4 5 7.67895619
46 78 8.56704093
41 69 6.91214638
96 13 2.45128868
39 64 3.41158803
54 96 5.98693492
81 93 4.06199072
10 25 4.30468415
93 60 8.78035347
88 14 8.68681667
23 98 3.96059146
73 69 2.67441186
90 36 0.13181582
3 90 0.87183598
20 18 9.79799287
52 42 8.01501527
28 41 3.47463535
35 19 8.22695855
72 53 2.67814672
50 79 6.20778167
66 82 0.21916371
80 69 0.90464323
49 66 7.98281686
55 36 0.88493314
88 70 7.08522215
36 73 9.95297173
27 2 5.10141812
47 77 8.54800643
36 84 6.95872984
45 77 9.37372173
65 93 9.47358505
5 54 8.44073692
40 33 0.49441542
80 3 1.4076292
60 45 9.37627034
76 53 5.1863959
13 27 2.51174406
67 39 7.60031449
45 9 1.76825613
25 70 8.11068321
77 80 9.3171513
50 28 5.45061873
53 21 7.19021542
3 50 1.43387487
33 76 4.55511523
51 87 6.11651091
84 25 8.72337766
8 35 6.23715351
76 19 7.34504381
76 45 9.73933099
14 77 5.99368222
80 5 9.01181941
41 15 4.00667976
29 35 8.66128976
6 6 6.44939128
62 44 4.39642119
77 7 3.7466162
14 97 0.50837088
44 5 2.05956052
32 86 5.01814946
34 73 3.50388708
16 84 1.85741495
58 73 3.81885755
62 69 0.79426808
32 20 6.96132352
36 56 7.80931144
24 17 7.33408399
37 91 4.44336802
77 88 0.58409155
84 41 2.56108797
14 88 1.58952827
46 74 1.14015087
27 30 8.00870412
71 4 4.45986821
56 88 8.18545415
92 8 5.03270857
37 20 3.89030954
9 51 4.67203128
19 27 8.23689622
61 63 9.91850616
50 13 2.93885685
57 30 2.79507859
18 51 5.86012254
70 73 0.20200826
97 98 5.82751643
41 91 9.21084538
56 36 1.78408273
25 72 9.18153286
50 76 3.30330495
44 99 0.46261764
7 53 2.4641404
37 37 9.39921312
20 88 9.10409923
42 73 3.4666523
64 2 2.43778631
39 42 7.49664682
34 13 9.8364009
34 50 0.17475469
13 31 7.76318879
2 43 9.18676966
40 85 5.75073016
38 52 4.55956876
18 69 7.72031306
72 66 9.02034582
9 6 5.47907198
96 2 3.27079394
15 27 1.33718022
16 93 0.33625844
87 2 1.02757755
78 2 5.06154104
26 42 0.66625372
32 66 5.33094222
43 12 0.45355753
19 77 2.03460707
72 40 9.14241393
62 87 2.66229958
40 17 3.98698479
33 67 4.80992583
49 1 4.08085668
43 23 6.19014356
77 48 7.45174077
14 66 3.55788593
15 24 4.51866012
11 7 6.02075808
22 56 4.89495246
29 9 0.49027573
1 42 0.72601219
36 78 5.86123798
73 22 9.93330529
16 5 5.10337315
18 74 5.09276659
95 37 0.16804584
63 44 4.01868753
17 82 3.76825622
66 55 6.63858655
52 62 6.67407722
93 64 7.55343229
38 22 5.81651516
23 34 7.06404518
88 41 2.55791616
10 40 6.64836242
60 22 3.4391032
52 40 9.77294485
54 3 6.47008031
54 65 4.76843369
35 37 7.7166448
66 42 6.89137147
96 78 5.87955613
54 61 9.62865964
94 3 2.30668766
54 33 3.30269993
43 86 3.37464505
47 46 2.63301853
61 0 9.04394624
59 76 2.54844376
48 99 0.50863153
4 56 3.63229215
42 17 4.7943755
89 4 0.97649569
52 86 1.71554017
90 6 7.237195
69 29 2.87677086
85 65 6.68864599
50 40 9.24037989
58 5 6.41451565
57 89 9.65356587
45 11 0.88641921
94 93 8.89576086
87 10 4.87628825
61 97 3.30609726
80 2 4.85884599
80 35 7.25535594
68 30 6.95453247
13 66 8.8331495
54 32 5.21928114
26 10 6.92350008
62 27 1.32897395
11 12 3.88034782
17 17 9.44670237
49 59 8.19617233
26 36 4.91884484
23 95 9.36223179
84 78 8.85686997
75 67 8.42154828
70 92 3.8568731
99 45 8.93257066
16 11 3.27825474
77 42 3.62128984
79 11 9.81869202
35 86 8.82850727
10 82 9.865162
41 59 9.12511935
62 53 1.42578752
66 90 2.15667639
28 4 3.11122263
84 34 0.06857449
30 74 1.64971883
50 49 7.03731112
49 79 2.12198283
32 95 6.29267538
42 15 8.75206733
21 36 2.16142378
50 32 3.74954346
76 38 2.55168461
37 54 1.8610033
88 76 6.17284155
77 5 1.48291923
22 55 1.28266997
86 31 2.74907962
81 48 0.73867845
90 44 2.09387216
71 28 7.76171713
54 91 4.79491476
51 26 5.46403556
29 16 4.48900129
84 16 9.94770916
51 34 2.6667842
28 31 9.89466898
55 37 6.98540892
27 97 6.19923255
51 58 7.94366115
60 74 8.0931072
29 63 3.62551435
55 39 5.53375918
24 32 9.44218749
45 79 3.52157085
75 40 2.4721961
8 25 5.65395644
36 3 4.21209089
96 25 2.19544356
46 75 8.39797134
56 20 3.61848379
63 8 5.28698093
90 82 0.68086616
10 74 5.58391484
12 89 6.292416
24 41 2.53309546
53 79 4.34399272
81 56 4.46181855
20 52 2.24035756
72 52 8.63007546
19 65 5.78652636
37 19 7.95873197
40 3 1.43652561
3 68 3.2773255
78 34 5.43716936
69 80 0.87707624
2 66 7.12844622
94 98 8.12014466
14 99 9.48095548
24 12 0.40523003
22 18 2.45873851
52 29 9.40788173
52 41 6.21567524
3 40 4.70707899
34 23 4.01202587
73 98 9.26561611
53 37 5.76218314
45 34 8.06755024
72 30 8.26061111
74 0 8.61503787
83 81 1.30540453
38 50 1.48014653
5 43 7.53843734
92 55 5.65798008
75 66 9.20752574
59 55 5.57542252
17 4 8.56200296
32 16 3.11122121
67 14 3.34518598
51 21 1.07418409
65 69 8.70519566
32 69 0.4165585
8 24 8.41591148
46 10 7.62383516
90 63 4.84879338
10 84 3.49886894
76 76 9.93143427
46 23 5.63797155
25 45 6.53646046
5 55 0.29892885
56 11 6.38909223
82 7 5.11403113
80 13 4.99493554
93 76 7.00625314
22 68 7.00087985
54 31 7.93684317
61 59 9.67128581
89 72 6.82934697
74 44 7.88077424
83 90 3.42935358
49 31 5.13851176
84 18 5.39795189
20 85 3.82699541
27 85 7.46891513
84 23 9.06202906
33 22 8.81972191
69 92 1.75091175
14 27 7.45013157
16 61 5.41632009
46 0 0.19555602
94 18 0.67383955
54 40 0.51788358
15 68 3.93839361
68 41 5.94063366
10 80 7.83502076
66 23 3.91832393
99 80 5.67817562
43 32 1.52165992
18 64 1.84278248
14 48 7.17776977
0 16 1.2303111
21 42 9.56643119
95 74 2.21790195
13 7 5.50637862
66 13 6.43122199
41 2 2.14800504
74 53 4.79510944
98 51 9.55429284
29 58 3.08697507
44 55 1.55888206
69 78 8.54187864
38 28 3.92788126
66 95 5.84060499
76 75 5.3163952
12 9 6.92476825
84 55 6.37172252
42 38 6.42837975
63 21 6.25511661
10 90 9.66040951
39 86 1.80997359
61 74 7.5834499
59 52 5.1139684
51 47 0.96829276
46 39 0.51996411
30 39 3.01999395
25 32 2.51213601
52 96 7.17582838
64 93 2.59463357
37 42 1.05406076
40 6 7.96076518
74 27 1.36881506
50 65 2.70259326
81 1 4.63117695
72 22 7.51883619
4 46 0.10756095
58 66 8.90998899
24 58 1.29438047
15 18 2.3075607
49 12 3.50351104
76 0 7.81235968
36 39 0.44228105
98 37 8.81595172
13 26 3.94816251
42 57 4.44157691
78 52 0.820093
70 79 4.73277613
30 70 5.0341611
22 41 1.50944963
74 42 2.80403696
85 20 6.9350713
93 79 1.62113788
76 47 0.10000036
70 44 2.00183547
99 46 9.07392553
96 9 6.08305834
8 90 8.50685378
2 34 5.62807573
59 71 0.7035901
69 55 1.77862258
21 96 4.5654833
10 17 2.75097483
20 24 0.43655792
22 8 5.98041329
83 5 1.26078742
44 73 2.19995315
22 78 2.56940143
39 20 6.6451692
20 3 5.08121869
58 12 9.30091991
67 1 7.57222099
18 14 8.19076633
12 95 1.69575559
60 18 5.14512737
44 15 7.00999799
77 86 3.22218977
85 82 2.4166135
78 92 1.50448755
3 43 8.31681704
8 4 4.57926215
49 13 1.86980355
35 57 6.69542257
0 91 5.8064667
40 59 8.92466036
27 81 4.43605431
1 66 0.34820017
41 16 8.06965653
24 26 0.61077534
60 16 6.16427795
72 90 2.01650289
23 80 7.96000138
2 92 1.09714029
72 6 4.24283364
11 33 6.41095226
20 78 5.23965222
27 76 4.18008314
44 78 5.02196574
7 89 3.83102174
47 82 2.93354344
99 6 4.12251197
50 96 2.22609763
58 93 8.17165964
71 42 0.72297923
77 16 2.97152061
48 65 7.08000041
13 10 7.76809725
65 43 5.67844629
69 40 7.72416832
66 99 8.80918354
71 93 1.31881662
55 64 3.36745703
6 48 3.26018585
76 33 7.35762044
1 77 9.839381
16 99 4.70219726
89 6 5.9517675
32 75 0.09619239
21 33 5.83386837
98 44 4.93866558
39 29 8.2078722
76 86 5.11030619
53 24 6.53336116
26 4 8.65451434
18 95 4.14679665
63 29 5.21555298
49 44 6.33299686
26 68 3.80475382
96 83 0.73881324
46 66 5.11208103
4 52 4.42583191
28 58 3.59592421
9 62 7.30243193
91 64 7.13115108
53 88 0.90654628
83 76 7.4820725
96 22 4.27425956
77 3 5.25553048
44 69 3.14940347
22 49 5.18819763
40 65 4.63478465
7 61 8.65813499
75 56 3.1004567
64 57 5.70867478
16 88 7.41297047
35 61 7.67517916
64 69 9.31691917
78 51 1.50898018
96 68 4.16889258
49 34 1.16186688
11 78 1.97649836
64 98 6.34894977
55 71 6.27406565
47 68 4.53328501
62 72 9.80618057
25 73 1.59386384
33 1 9.1061139
15 49 9.58322215
61 32 3.85290206
37 15 3.41344949
44 3 4.13625112
64 8 1.10974882
56 79 3.97307085
84 14 2.99880975
62 96 1.95704195
64 19 6.53948345
16 35 5.11345219
74 82 5.40617985
77 78 1.51494054
0 73 3.72462821
67 81 6.17625391
35 65 6.81655444
85 14 7.95682999
11 43 1.99678416
83 50 0.90608209
58 15 8.66006298
33 35 3.70313482
57 10 4.07634154
53 93 7.82837606
97 52 3.34930272
6 76 3.44893403
34 7 2.73407129
71 96 1.82726621
94 5 5.20878707
74 25 2.91235328
23 48 1.0306793
35 91 8.84954487
44 67 5.16200518
60 61 0.82054038
49 81 7.77170888
63 73 1.89275987
42 85 4.35576127
89 1 0.14590107
47 42 3.95310204
91 68 8.85861031
80 76 3.62927617
24 98 1.63335897
98 75 8.1461546
46 43 2.91897811
70 83 0.26162941
81 49 8.39619467
59 49 6.1528982
91 21 3.52570711
73 78 4.01652507
88 93 8.1646525
95 64 5.00297275
