7 50 9.40955805
48 38 2.15222954
83 99 4.13298819
30 39 7.86463853
53 12 0.56525627
39 5 0.46954313
77 24 1.64722849
14 83 2.8810858
43 51 5.84297628
52 50 5.76469722
32 35 1.67402378
23 36 8.79602998
72 74 5.13207246
96 26 9.07171658
48 18 6.8260834
47 53 3.82120037
0 49 6.23520975
95 89 1.47044889
35 99 0.76692505
48 57 5.41089613
43 26 5.30943045
38 44 5.43306192
93 7 7.54289842
69 74 3.96732154
55 43 4.06115368
98 60 5.18684395
39 88 0.89421917
56 46 8.96406505
1 15 7.16754848
22 86 5.99083781
33 45 5.55825576
71 63 4.94088274
92 71 2.66533273
34 25 0.31127729
12 9 7.02431634
21 42 4.65649705
28 55 0.66415526
42 35 4.44322395
93 38 2.73076628
42 64 1.63876016
74 30 7.45969714
48 77 7.95745679
93 14 1.80008902
37 21 4.1391716
99 14 2.29609134
51 39 6.61932612
80 78 8.72611102
71 83 0.17699913
0 29 0.73102916
29 63 4.6042842
31 37 5.25930042
39 27 9.13688647
68 46 4.48201998
91 91 4.22035071
79 44 5.53176618
88 60 8.05681094
70 87 0.68345826
53 49 4.31866725
38 55 3.12048038
82 18 7.59461667
65 20 4.44519993
46 60 3.93664743
88 73 2.46616884
88 4 0.18746025
66 80 3.42830825
27 70 4.15765591
88 59 5.59310879
80 10 7.72672624
14 98 5.72191642
90 39 8.04543673
39 31 8.99920755
31 78 0.07337586
30 84 2.32691512
39 87 1.32800268
31 63 6.30600366
95 6 1.40623523
86 81 6.51544291
37 12 4.33061042
57 61 5.72547514
59 79 3.31266512
40 83 1.69152922
36 96 5.58673705
64 11 1.36023385
38 67 9.17776571
85 6 1.29586113
67 94 7.78720167
90 7 8.89470396
52 76 2.88501261
92 96 7.21201531
54 47 4.98953567
69 62 5.00576765
18 22 8.42759968
98 90 6.92608685
55 47 3.26941375
93 94 2.92117256
59 18 9.67232404
60 34 0.67035997
23 14 0.51771348
31 69 8.48128214
94 27 0.49466877
94 61 3.21894748
35 76 4.26501799
57 53 6.50459947
3 14 6.770535
34 4 8.1152134
70 95 4.36317266
68 92 0.8309733
5 82 6.85180451
51 59 2.3931824
9 11 8.33757537
9 40 2.03698904
41 15 4.75611622
43 60 1.45132705
40 47 7.7018057
23 15 4.49271345
2 54 5.7193958
69 1 0.78282643
32 92 6.02483681
93 68 4.74671963
87 43 4.32210702
71 98 6.67908527
99 6 8.86947947
0 71 7.61323062
85 60 7.46145753
80 80 8.46352037
81 41 8.16796385
43 22 5.44081881
21 68 5.53622193
99 41 6.2183537
36 45 6.63281715
55 49 0.10557326
32 78 2.23200738
12 60 6.54928131
7 20 9.08072733
88 54 0.13682114
95 26 4.00722912
0 57 7.30273698
51 25 0.35147591
64 15 9.16146975
52 87 8.21097368
20 19 4.1135919
50 89 1.99700889
11 92 9.24957044
25 90 0.86368354
68 98 9.89311082
20 23 5.41570663
81 97 9.35743684
97 47 7.86031157
43 85 9.20217919
12 74 3.99233888
10 99 5.99905244
25 31 1.4195595
67 69 9.49517741
25 69 2.82627159
48 19 6.76848396
62 91 2.93233263
61 36 1.4728498
97 63 0.81283041
56 99 4.19935684
52 52 9.49987458
96 7 6.87633925
34 68 5.32700757
10 39 8.60321577
81 94 9.72697731
7 34 9.02128085
83 57 3.23688644
77 98 0.83216018
33 27 2.01957628
88 77 3.83457167
94 86 2.87750163
85 70 0.96742241
31 0 6.52028303
31 25 7.72172008
79 0 9.14316522
58 79 5.24637283
93 32 5.79189886
27 87 7.40292087
6 70 4.55816107
8 15 5.59171598
7 36 4.1747553
79 46 2.14337812
12 72 2.43900733
21 93 1.76961353
22 18 5.51107071
84 38 4.68076701
91 78 6.87877235
32 43 0.25982429
64 35 1.1626651
27 83 4.79168514
69 19 2.15309171
15 95 9.95291547
40 55 8.31670187
91 40 6.49789619
62 79 7.44097142
23 55 2.01507259
64 39 3.99371503
5 79 5.77456032
30 45 0.92401906
57 28 9.35802869
24 83 3.14178191
25 49 7.5560676
1 34 6.73965841
73 1 3.18155653
25 14 2.27763384
55 63 4.75857724
0 1 4.09425005
57 77 7.89757982
2 57 1.61844639
42 77 3.89174365
48 51 5.09515005
51 89 7.34283425
22 21 9.2801061
88 9 0.07459114
74 35 3.07209794
65 78 4.42097448
39 18 5.88000564
99 30 7.18786376
97 66 4.62063903
57 33 2.74928139
67 16 4.93409448
6 44 2.72788989
88 55 5.91476206
38 54 3.27995376
98 61 1.14505064
19 18 6.40735918
66 17 8.13001306
1 94 7.00914709
55 66 0.79240116
93 6 1.36755364
5 3 7.08599864
64 76 0.09072388
93 88 5.2204527
70 28 8.3260013
96 28 6.36518178
27 55 5.93960145
65 26 8.69686221
3 8 7.67304335
84 47 1.46584752
24 9 4.57114175
75 48 2.92700199
22 33 2.28121901
97 1 1.67669644
80 27 4.51249963
20 29 1.46607366
21 12 6.41263014
77 85 0.87797924
99 1 7.20721551
37 26 7.75207499
88 94 3.49076698
67 18 8.75569874
94 83 5.36911805
91 29 2.43288416
5 68 1.07832107
19 81 3.87046103
15 38 8.99947731
59 25 6.701008
11 54 1.66404508
9 20 5.86385154
82 67 9.8914455
18 26 0.25847292
23 44 0.02042811
58 69 0.60176246
41 83 4.29680026
46 64 1.91827462
1 66 4.36936063
3 37 8.08632043
11 60 3.86173455
9 41 1.87260715
24 70 8.85910987
48 7 4.81469661
69 83 8.47802283
71 77 9.66518941
22 34 2.45915884
77 15 2.18933906
2 51 1.02360513
59 1 0.60883468
62 27 7.76874271
70 35 3.86520982
15 70 4.33273441
62 84 7.73263901
44 32 3.15590161
62 49 4.67616186
61 95 9.36667556
7 88 1.8986829
23 40 6.81133163
27 50 9.95747494
87 87 1.17791959
63 26 6.30971843
23 60 2.70271718
67 73 2.80772091
13 50 5.17843183
67 52 8.09843691
73 3 8.19805141
89 24 2.56254019
51 6 3.46191113
94 29 4.2213516
33 91 4.23293756
31 29 3.86572533
15 16 0.7945672
39 72 8.77486742
49 58 4.65498064
49 3 9.42562543
36 49 3.55353307
91 59 3.26399727
17 2 4.95081381
76 6 6.81645829
11 79 4.494603
22 88 9.46417351
97 69 2.88673364
6 96 8.83553207
52 56 0.94646191
22 99 0.15370166
33 70 0.27880187
56 47 7.56996076
19 70 7.63923739
85 52 4.28914924
44 86 3.96969524
7 84 9.6089227
13 61 6.27529351
94 99 7.45590078
93 34 6.51055481
99 15 9.23375033
70 61 5.80929142
39 95 2.81940922
32 97 4.63157998
31 11 4.08211872
58 66 8.4900752
92 25 5.76813748
13 76 4.10586578
96 11 2.66289528
22 90 8.93526656
50 37 7.99807212
11 69 4.29504153
98 48 7.3103409
78 20 2.61507034
20 43 2.6480655
41 58 8.01664418
8 31 9.98900131
20 75 2.23827516
36 82 4.65207808
6 97 7.93683719
14 47 5.14354755
28 49 4.64888863
28 63 2.77682287
17 65 7.1680967
16 82 5.71581927
91 54 0.55791874
55 71 8.24313631
37 61 6.34514699
4 71 2.40241526
45 30 2.39343906
91 77 5.42371308
84 19 7.23445307
32 31 1.31639597
76 17 3.63430307
5 50 0.28883666
96 18 2.62533695
49 7 0.11524096
0 66 2.55368207
65 0 6.84765388
44 78 5.29987785
78 43 1.66147924
79 77 6.8435972
1 57 6.1356236
79 66 4.68163538
78 47 2.29662293
73 9 9.52091976
75 64 9.97860104
43 53 3.54662365
64 71 2.47170185
99 48 0.76170019
15 4 1.38012566
13 37 1.84324203
48 95 5.03105584
29 91 0.95501782
73 21 7.49618192
86 27 1.22852345
41 47 5.58259989
63 68 4.84300015
37 18 4.10547146
36 9 3.5392478
36 62 7.53269833
18 17 2.5357131
67 57 6.80278256
33 52 3.70040215
4 7 6.92080643
1 44 6.75404566
70 47 3.73073277
5 2 8.30648661
45 13 1.42312759
60 53 3.26695456
82 34 9.28489525
92 0 6.83174036
97 32 4.16177646
80 6 9.0609115
66 50 9.07407667
79 95 8.8211333
22 98 6.59427764
38 79 4.70755903
11 41 2.40338093
18 55 1.1322221
60 74 2.20050291
20 73 1.1932955
91 17 9.94723229
22 85 6.22712622
92 4 2.99265484
5 67 4.22952003
58 80 2.01547676
73 46 4.37012789
4 59 4.35255224
99 43 7.21796079
28 65 0.23271293
70 4 7.42332533
12 32 3.12077507
43 14 7.00242031
59 12 9.02084649
50 11 6.09799084
48 40 8.12931726
85 91 9.32978466
22 38 7.02782383
37 16 5.63052263
95 21 0.29250321
79 40 8.14540145
27 53 5.60617384
53 71 4.63769455
38 95 0.62145736
32 86 8.59071915
50 75 5.28811164
89 89 4.34978341
44 68 6.05522292
9 51 5.71211157
1 26 1.74884522
27 21 6.43172016
20 77 5.93324014
2 78 9.3809114
17 49 1.19509292
34 8 5.52257993
38 29 1.0867126
10 57 4.23381879
58 67 9.93556969
70 17 5.37814011
78 83 3.61320618
37 41 5.18787427
43 78 5.01489017
3 89 9.51541672
53 30 4.34472949
94 88 9.13419942
12 15 9.16867258
33 65 2.82787107
52 98 4.83875083
26 20 1.71049136
58 30 7.42369659
60 39 5.28004159
35 45 4.81052867
93 24 8.95106795
36 44 7.18269804
72 37 2.80873092
45 10 9.67892849
6 60 8.43421697
45 92 6.35822064
49 52 2.96097137
44 22 1.29666166
61 69 1.88455216
87 80 2.50721659
55 56 1.50609367
38 69 8.55576754
11 62 8.08382617
95 8 3.16524206
91 51 1.40354206
17 26 2.48999727
18 93 5.34114182
20 14 0.71287299
10 50 2.35579669
15 94 0.87858586
63 91 0.0788812
2 70 6.63287288
65 16 1.28115412
48 28 0.68804457
15 84 0.79284106
34 57 7.64856212
89 7 7.2490473
30 43 7.85914616
79 42 7.30844982
87 90 5.51600134
17 34 5.68881923
93 44 1.92863451
9 96 7.5383555
57 45 1.54455285
13 52 4.85698579
86 58 8.53104034
83 70 5.37591927
58 72 6.84198188
84 97 6.88854227
60 64 1.95276854
83 20 9.43631675
82 64 9.76671004
79 49 9.76310126
56 44 5.5047254
49 90 8.99978834
39 2 7.05085232
28 4 1.05671705
85 28 8.00021653
6 23 0.87066101
90 14 5.17795862
28 95 8.32145523
21 20 1.20754162
37 8 5.60625161
97 23 1.34578569
58 62 9.34724761
38 39 7.9142436
48 26 4.51399835
77 16 7.18314134
44 25 3.26362949
87 44 4.67766744
32 82 9.27171557
16 68 3.44447313
70 53 6.26706561
57 67 0.38602203
10 26 9.39721886
3 25 6.22093329
32 69 6.54171508
60 81 4.12521666
91 37 8.99005572
91 80 9.07409845
20 56 3.11309117
43 37 1.9844251
44 94 6.4379342
93 17 1.77039395
68 76 7.97197626
49 2 9.32461026
72 67 8.31323005
49 96 1.0501803
97 53 5.63653342
73 84 1.10990073
26 0 1.86213781
82 95 6.47789897
77 96 3.53976936
80 86 9.13362758
31 49 3.97020342
46 44 6.39943142
0 28 8.47758081
95 94 3.34030031
46 71 1.61320409
48 91 5.50592164
49 88 5.03283793
1 85 0.97975628
29 32 4.2463242
77 58 9.04976542
36 83 0.41840978
79 59 2.04898538
55 81 4.61986875
65 55 7.19961855
73 94 8.32232304
41 3 1.60350234
77 59 0.18335122
67 61 9.28110614
66 76 1.91248587
13 87 8.98421698
7 0 3.8445394
73 11 0.86255371
69 41 7.59302644
59 78 0.13783184
54 10 1.29436974
89 72 4.06893125
0 41 0.57971079
72 81 2.84522202
66 94 3.62237855
19 1 4.68285251
87 83 2.86060032
68 34 7.18578316
85 65 4.31761481
78 97 3.71803113
89 16 8.5687132
13 12 9.52467434
96 57 0.18024703
61 80 5.59596706
42 92 3.25190903
37 77 4.05866462
74 28 8.14335745
64 34 3.37647625
52 57 5.27242297
37 95 0.12984012
47 84 3.11164091
99 28 7.14437529
16 92 4.49679984
64 53 1.2123679
53 23 2.8031294
86 78 6.85653379
17 5 7.85406668
85 61 6.1212789
39 86 4.35654338
39 36 0.34487914
1 0 9.38641289
74 27 1.84035116
92 34 8.33025295
90 52 2.32065263
68 80 2.63953054
72 87 4.59126546
28 48 0.45754649
46 78 1.44530586
51 94 5.897583
4 55 7.85357777
2 94 6.30989767
82 1 5.77956094
43 0 9.51548745
38 42 4.01677029
41 49 5.66138869
58 29 1.96896748
88 97 4.42402358
15 90 6.0821853
2 61 0.06052071
44 19 7.64955623
65 82 0.20280944
11 55 4.64400011
17 23 9.46208961
24 25 7.27232131
7 11 2.01511874
89 54 3.40449653
25 28 2.29694267
83 19 9.41515751
17 16 7.64534884
42 5 8.54380056
12 34 5.1196525
68 84 5.17197474
76 73 5.09216248
31 23 3.19778161
21 10 2.42878409
6 34 0.13162691
43 6 9.53836557
93 22 2.83584439
21 31 2.94305266
73 24 9.0170478
56 5 4.32382843
34 40 7.92399707
12 78 9.73156785
6 73 9.81854347
12 94 6.38813732
41 70 9.28130392
46 26 7.38297651
0 2 2.16149304
71 30 7.88534046
22 76 5.76289967
72 79 3.24948988
7 57 9.7923644
7 43 7.11981379
7 68 7.86271283
18 78 6.78307862
51 24 9.51181318
37 81 8.01735731
14 3 1.59488775
61 99 8.36112558
77 25 5.19553314
35 74 6.91343265
88 47 1.44670981
12 24 9.91748753
8 85 5.03711414
10 71 0.97118318
6 78 4.49238114
13 11 9.57975897
73 85 9.19443561
89 97 0.90318911
38 70 0.62941698
99 55 2.04277271
79 29 7.19984484
91 76 1.1736837
62 33 5.49200258
26 68 7.23916011
63 90 5.82365818
92 32 1.30453455
2 17 2.27310026
19 32 5.23988814
1 92 2.1473006
57 55 7.1064132
35 69 1.34674323
69 51 1.98181645
96 43 4.08811612
43 61 3.37298573
40 5 0.66286151
15 64 3.01071166
35 30 7.91063975
36 33 0.45209049
51 3 8.98742337
15 46 9.95020336
4 22 4.32876139
97 48 4.96914561
51 21 5.33034507
28 30 6.95770004
43 93 1.06277724
77 49 1.12722057
25 53 2.37204951
5 95 9.00352671
56 22 5.45719175
96 23 1.54629889
96 31 5.58386584
70 22 3.64398268
20 81 5.68675224
19 64 8.09705874
51 54 2.92189299
64 62 1.47347425
68 71 5.52901273
13 7 5.34307819
16 53 5.16934603
77 39 2.90573895
58 48 1.84558218
97 36 7.45202475
99 84 8.17531788
43 17 2.82885932
50 51 2.14697086
32 19 1.36517195
96 42 7.04371696
90 65 8.94499936
44 89 8.53242686
15 41 7.81824643
95 66 5.33915907
5 62 0.64524254
84 83 8.21709825
36 23 4.48004546
51 44 9.30884735
37 37 1.5057387
2 14 7.27012995
34 12 2.3533099
69 88 1.46666455
17 99 5.02505012
42 18 1.218279
4 70 0.08813231
64 13 6.56213389
47 23 3.11269362
88 56 5.00447404
35 24 8.83080514
53 59 4.59872628
81 26 4.52225346
97 62 8.72590603
5 12 3.7025243
28 25 5.11974727
21 51 2.42594596
72 19 0.60832819
28 68 2.22121304
78 13 7.74645394
77 66 0.57969108
79 16 8.39673996
13 3 5.46738249
49 51 2.7501816
69 82 6.95635234
86 15 6.16976956
80 68 8.20515202
33 54 3.575381
68 38 7.45045797
94 24 8.9222273
99 17 2.39053026
18 3 1.37559717
1 67 6.69562825
84 86 8.37937368
90 18 9.65848754
3 79 2.40541936
14 35 7.38018334
82 37 3.47985549
43 47 8.28032718
2 86 3.35514112
67 70 1.56457652
25 39 6.6176241
56 37 8.19147968
17 81 7.5746291
28 32 0.02793526
45 60 1.95518194
97 16 4.2745368
12 70 0.74377034
62 76 2.33882462
49 17 3.67906898
61 6 9.75799663
58 90 8.44277459
7 81 4.96359548
58 55 9.50912957
30 12 6.33521949
80 30 2.92877434
24 97 0.59639923
65 80 0.16171285
19 42 1.05229106
51 65 6.18089146
57 91 2.65690276
86 70 1.03182782
53 61 0.75572054
78 18 5.68635863
93 30 6.92436224
48 47 9.14354074
16 44 1.31089486
46 14 3.66914829
18 9 6.79505214
60 84 9.70462573
67 80 7.70464909
63 86 3.1918827
99 8 5.63702836
59 95 5.10089784
15 52 8.75836902
7 31 2.76574241
35 92 9.21559139
68 49 7.67135216
30 8 2.72448647
36 76 2.11795864
66 84 1.72482575
35 46 0.04741704
34 75 7.1653013
27 34 2.6512868
8 54 6.85789817
32 1 3.79967982
62 57 3.26694704
24 81 3.7710974
34 34 3.3432357
61 43 6.4383861
70 99 3.31959599
84 58 1.53408417
23 95 4.00598746
1 5 8.1545059
91 26 5.29091812
15 54 5.27527248
18 74 3.99137602
93 67 1.92872737
37 30 0.00107602
74 88 6.11163487
97 27 3.11314972
84 12 1.13179713
84 42 3.56365657
78 36 7.21451774
83 34 1.09182797
65 27 6.6844568
78 39 3.22173948
75 24 9.88910811
10 59 3.37972671
72 36 0.07873041
3 41 8.84800391
78 63 4.85434504
31 72 7.25546601
94 23 6.44414392
28 71 6.39056921
51 5 7.26694707
97 5 2.96661241
14 39 1.8340067
42 39 6.3314545
12 96 1.30115692
90 99 7.3303508
11 46 7.30765359
41 91 7.72499239
15 72 0.60908265
11 93 0.52594994
39 17 8.37634109
77 78 4.03056258
8 84 2.36152552
28 47 9.06781377
90 42 9.48016503
3 7 6.48045739
73 67 0.07748304
94 94 9.87636993
98 58 0.0591183
13 17 3.13496895
16 85 2.87505722
95 93 1.88282133
22 9 4.33524764
25 72 7.05403852
45 54 6.49104559
60 20 3.78161935
37 60 4.19985003
13 48 9.1142927
84 35 6.76689659
46 81 6.9149331
9 25 5.92418805
5 53 7.97922449
76 43 3.96539074
9 28 5.38177267
28 2 8.03791861
54 18 3.77846619
71 42 2.21072987
47 87 1.10037573
65 97 3.71006784
76 79 3.41231435
80 54 9.862179
35 73 3.70151889
33 99 6.05774218
90 2 3.34725357
99 51 5.76037579
81 39 9.47652688
55 5 5.32080781
42 9 4.31717508
80 95 5.21536076
29 81 2.38270673
93 20 6.16447439
71 17 9.7439647
57 59 9.97022245
33 58 4.43471274
85 44 8.65377701
28 76 0.0825871
54 84 7.42949798
88 17 9.00672871
70 10 4.75769084
77 89 8.20499074
3 98 3.56872901
92 1 4.55204971
94 64 8.16261627
64 90 9.41187615
82 42 2.84886421
12 5 2.46953543
41 99 8.93415547
