84 56 9.05570928
74 61 3.80790856
88 27 3.53269021
71 77 1.3331122
25 77 8.61332914
74 24 9.80758382
58 85 2.89475345
55 64 7.81652541
44 71 4.76922143
46 3 1.98933099
88 77 0.1754791
14 83 7.78317198
20 18 6.80763472
18 89 9.0514954
38 74 7.5544176
81 44 3.25357774
74 26 5.10580232
52 60 1.34865207
43 61 3.08752023
94 63 2.7561739
85 97 2.07755491
37 82 5.49636878
98 81 4.16234239
69 44 3.64887446
28 66 7.88770476
32 13 8.77770638
66 53 0.93814189
66 43 5.00374618
53 12 4.25218945
3 20 8.15020265
77 25 0.10060282
63 92 7.87853564
59 30 0.43696966
25 6 3.0247768
9 24 6.5667653
95 84 9.08179247
20 6 4.94026206
61 58 8.05438433
65 80 6.62540603
19 79 4.25476783
62 52 0.54628533
13 26 8.86029852
20 98 4.52842657
6 13 9.70857385
3 81 8.22083356
32 49 3.26243245
63 79 2.47631442
58 11 0.04199754
18 56 8.97155238
71 33 3.6252248
45 95 4.88078493
66 7 6.38475362
28 99 8.11146494
67 77 2.92919992
19 29 0.49996653
72 27 5.37012391
71 40 3.96470413
5 66 1.44214797
33 49 8.493876
60 32 2.30634152
89 57 2.19231044
17 88 5.34880133
89 73 1.29746958
68 78 5.188005
3 14 8.66989056
38 85 3.09228411
21 81 4.03718017
95 31 8.71436619
16 36 6.77672274
86 48 9.81284017
29 65 0.39901464
37 57 9.38157205
55 32 9.83419285
18 32 8.03896328
99 72 9.85913963
93 34 0.04743705
65 46 3.3883626
73 44 2.33786721
93 97 5.99797574
8 99 3.70004871
48 45 3.44960905
59 46 6.16629171
2 89 0.73861313
87 64 8.55134941
75 2 3.66291144
33 94 4.93870788
46 19 0.82033152
76 54 6.24925177
17 65 8.10249341
66 96 6.51150438
70 84 6.17462349
53 79 5.91291212
95 10 2.38158707
59 62 9.02112967
94 76 9.11133696
95 78 5.90611121
8 8 5.77890346
48 46 8.57872686
11 93 1.59633234
16 21 6.56256917
21 47 2.57967307
40 29 5.86538561
86 3 0.31295292
81 64 7.64054759
66 87 3.53138055
23 81 1.30677507
35 59 0.43476147
4 88 9.40515004
23 79 2.1559908
41 44 6.01191815
15 71 0.77716441
15 78 9.28653335
29 49 9.53653096
8 16 0.25054973
41 53 5.42503306
23 53 1.45039265
18 22 3.72532558
33 97 0.16016168
50 7 2.85848145
70 91 5.40872327
30 52 8.54107354
43 26 3.61617713
93 0 6.0559607
59 54 6.03038392
55 19 0.44237184
58 13 2.4818019
98 97 6.46676174
46 20 0.30563879
56 7 5.68037528
17 61 9.2038218
63 83 7.8169527
42 55 2.4576614
68 29 6.45804161
6 84 3.7060914
27 80 2.76276149
68 44 4.78831501
53 37 6.09899008
46 28 5.5923035
98 5 3.01648698
71 11 4.18630932
30 54 7.00595366
33 47 7.68785404
71 82 5.88548936
12 22 2.7524809
21 86 2.6310202
40 51 7.12081278
13 33 3.33636713
89 27 1.03032469
88 2 5.98506872
80 4 9.59628444
27 20 4.29603498
54 83 3.77136918
13 69 6.93917165
85 64 0.3524131
57 49 3.77493449
97 61 3.25220742
45 90 6.07732664
43 74 5.59038808
60 43 4.94263654
40 40 2.91736867
32 22 4.71213106
74 35 5.83017157
31 69 9.17279563
43 59 5.62048819
32 78 7.13147873
66 23 5.38572783
18 83 4.62920955
17 28 5.05113747
43 47 2.91642159
42 58 6.50920339
95 87 0.02373823
49 93 7.53070555
46 26 8.53295455
56 32 9.70334709
70 50 5.03898583
93 29 8.91033454
33 1 8.49147552
70 40 4.16584054
53 27 3.26974412
52 96 6.00628089
80 5 7.91209633
11 71 4.01245032
71 74 5.36765957
29 62 6.02728647
20 66 4.83293747
86 37 9.26125692
1 0 1.5106414
85 22 1.16369812
25 69 3.48035989
14 57 8.66761444
35 0 5.09305693
32 81 2.59462483
39 67 2.09650944
65 53 5.26140836
13 9 9.04944413
0 63 2.04271746
86 39 2.08350055
72 84 1.99280114
55 10 9.23158928
4 33 1.97175082
