54 48 1.79306363
57 38 6.37011268
7 63 9.69698794
90 8 9.95826638
9 83 1.63971655
43 75 6.12065645
21 38 9.95533109
67 76 2.73807459
53 51 1.39093156
29 82 2.36014486
3 14 3.50102131
56 67 2.54254147
65 12 7.18435368
17 69 0.03554131
96 68 1.41714495
8 26 8.88349366
17 97 4.98831508
89 64 5.87933343
4 19 6.21455832
73 93 3.07133728
63 82 6.99874607
45 35 1.5486193
91 53 8.21393664
21 22 9.77913807
55 16 3.5133094
62 64 6.96197908
38 43 6.26997977
96 44 1.13465888
52 10 8.59857545
87 5 8.89235443
83 0 6.15180178
65 74 3.91659028
57 75 5.80693322
29 97 4.8320863
58 74 5.47104334
0 82 0.63681341
31 97 1.96128787
33 85 1.61041602
21 4 3.30900171
36 76 9.73997065
57 13 5.8034675
72 18 1.80080221
2 75 2.21832038
53 4 1.80118211
66 51 6.83413238
3 29 1.39739415
11 4 3.11399599
83 67 2.28152182
8 23 3.04426957
29 63 5.2887127
94 59 6.3902296
38 8 8.99383919
44 87 8.05477612
53 13 3.83924337
97 88 0.90945542
5 69 4.09064422
7 0 6.1107196
75 45 0.29563911
35 48 5.65738323
40 62 5.37849033
93 91 7.80411743
73 41 1.74660498
39 58 4.96088597
38 35 2.69873937
37 9 0.47501856
0 84 3.85191884
96 70 5.9683826
75 95 3.73525143
38 24 6.87250893
25 37 2.18007821
69 3 8.44319687
1 46 8.9016785
27 24 9.25475846
40 90 3.91955836
43 33 9.37163905
55 26 3.5742873
33 19 6.71303084
4 9 0.74948531
86 54 4.24167886
45 71 5.8257451
19 4 8.22151919
64 2 3.37544833
1 82 8.09044415
35 73 8.4650839
10 12 4.45223987
60 62 3.0539104
18 48 6.21932018
39 39 5.73991614
4 81 3.72535256
21 40 3.67695816
75 56 9.62219173
92 4 5.65821483
36 64 1.30529897
54 97 3.32452894
9 22 3.92600688
81 74 9.41387067
8 43 0.12497028
62 32 4.15078051
74 59 1.22378148
7 12 5.06388191
44 79 8.48428792
42 86 6.14970998
24 44 3.40321016
22 92 8.23515985
75 51 1.22422511
21 74 7.2194707
10 9 2.7480887
77 70 3.36472036
2 77 7.74940066
33 69 3.47799021
84 10 3.17200602
66 66 8.50630376
59 36 6.68938595
68 57 4.70461114
24 91 8.45615614
99 90 6.66101924
71 42 3.64448333
15 13 3.68973893
26 96 2.20650423
70 90 0.27165323
49 65 2.44003332
15 91 2.82748128
98 51 0.04165451
69 46 2.41947146
53 9 6.33683344
84 58 3.28540029
82 9 6.77185926
57 4 8.32739486
69 86 0.0678776
10 8 9.52326317
33 31 3.60761308
74 61 9.64761546
24 31 5.84639184
74 34 9.04077627
61 60 3.5302469
22 44 5.40593292
23 4 9.23800189
80 88 7.66765836
8 12 3.88374468
8 36 7.75428776
69 34 7.10048907
49 37 5.93434612
83 36 9.02725725
48 0 7.68643171
80 97 0.12789531
97 21 3.60718352
93 65 3.31007956
54 77 0.23933362
22 45 7.13715408
41 4 9.88577477
56 6 4.20694848
21 61 4.51197607
69 31 6.3495809
38 86 4.10398214
26 7 2.61906065
61 91 0.63941637
29 31 2.57820797
35 90 9.99414704
90 9 3.38108283
76 65 6.05828028
41 8 3.49421085
78 0 6.41485558
89 86 0.13558067
17 22 8.99113322
32 93 9.86639741
51 95 9.72175385
79 11 4.84191704
48 54 0.19348762
53 96 4.47516934
97 13 1.76190722
83 30 1.82299506
16 8 4.31853458
82 16 0.54659849
61 77 5.23946404
51 53 0.25734077
49 57 9.42097817
46 66 6.35289595
48 52 9.09285852
73 87 0.05672509
1 54 2.41127703
65 21 4.72403178
5 15 8.74286855
47 84 9.47765311
52 8 3.20662852
49 8 6.11177956
84 4 2.24620736
65 35 2.25832848
22 99 2.14235419
90 68 4.49961683
95 60 5.36051154
96 17 3.60664561
81 88 5.71603925
45 89 7.87208523
49 49 4.66908978
54 91 4.60831453
50 57 5.04818789
14 58 9.05170524
55 68 4.68821093
25 2 4.29823717
90 74 1.62920648
53 20 1.21580233
22 74 8.13211411
12 37 7.07307175
40 63 4.66587149
0 9 9.20326327
88 74 2.8582007
96 65 2.18459026
57 39 8.64749514
25 17 9.99538998
56 79 3.39190605
95 71 8.48526659
69 81 3.93190877
76 12 9.9443299
83 96 4.98463187
79 74 4.92762825
20 33 0.96550753
93 27 7.74108439
27 79 2.22445779
2 74 8.89577307
43 80 4.18983845
78 78 3.04216907
27 52 7.52631936
3 76 6.15584181
71 27 5.7269117
59 46 0.11965546
47 30 9.42671914
55 19 7.00461613
61 99 8.1522597
75 86 1.42935412
88 84 8.49922168
58 27 8.89737889
25 39 2.79505936
77 66 3.59697605
91 0 4.98277789
34 44 8.70621771
15 78 0.60332794
57 34 0.48483565
43 46 7.32869337
45 13 9.98048099
10 49 5.36218745
31 0 5.69682923
25 25 3.21903343
44 68 7.15534714
13 95 2.60218503
78 5 2.04321621
56 56 3.913889
40 41 5.77097469
90 65 1.43562761
98 69 5.95386717
2 56 9.07665363
95 64 6.95934326
73 94 9.02871881
23 5 1.75455898
88 39 6.61688589
3 83 8.43064022
69 28 4.22414677
84 33 7.82644563
5 92 0.64596533
15 62 1.68456291
26 79 7.27235516
72 6 0.07478714
45 32 1.78437354
1 49 2.44484985
22 34 2.47781584
35 94 9.6713417
56 4 6.19614908
70 51 7.47252733
95 96 7.19285926
22 90 7.39026361
37 7 5.99856859
29 73 8.23427797
21 34 5.8685927
33 2 9.2912754
12 23 0.65976054
72 35 5.36696478
32 43 1.04996392
28 54 4.72221759
23 43 8.55094271
98 72 6.92792236
80 35 0.37489714
31 22 9.69714748
31 11 9.18517954
75 18 0.06536193
79 8 8.25397094
5 43 3.93457569
45 90 5.10067564
7 49 7.97306703
70 92 0.78445416
14 60 6.91044676
15 12 1.26434184
12 70 8.25616168
6 14 7.66682435
64 0 3.64252324
5 79 4.881853
71 35 5.34136103
50 41 6.56725796
2 6 3.82577646
31 50 9.70231262
99 94 7.51770547
82 26 1.57989046
66 48 4.23780996
53 83 8.0908315
7 90 7.83467445
23 11 6.03405847
65 71 6.64281927
10 84 4.89639697
86 79 9.20064058
75 53 3.24154586
28 34 5.10862783
8 29 2.33409263
52 11 0.89703199
41 16 9.6754051
47 83 5.32905042
4 10 6.67221901
35 61 3.54961978
8 6 7.80126122
27 6 5.9605146
73 64 7.61738848
30 99 4.75348808
2 5 5.94417843
41 67 9.58865581
38 39 3.01790552
58 23 0.39005476
30 31 2.03593623
13 96 0.9194631
62 65 2.04590735
53 45 6.99926346
64 24 3.95084333
94 48 6.91716639
46 18 1.04832158
20 1 3.19740296
75 79 9.60150168
66 91 7.14102256
22 95 4.1292415
94 58 9.94537494
78 68 2.86494208
64 56 1.52544734
76 46 4.78057653
22 71 3.19889396
96 78 6.78236939
93 29 7.12990742
34 95 1.7638438
97 90 7.87622351
52 51 2.52146811
94 35 2.35143061
91 80 7.48553134
43 24 5.16190809
36 15 5.86421422
72 11 4.2789751
77 48 9.72761532
43 73 5.57226418
89 62 4.9201222
71 7 3.5949154
25 74 9.65489701
60 42 7.22095242
79 31 0.34368589
54 54 4.92372221
88 14 7.29698734
84 57 7.93649503
81 15 5.207214
69 26 8.19801716
25 82 6.33369554
76 4 5.4025501
82 55 9.48109277
68 36 0.703246
56 57 9.27407104
28 1 2.23488472
42 87 1.77945123
6 95 3.10844478
28 41 4.53511363
91 57 3.68090712
95 23 1.90864755
26 50 4.45357293
32 24 4.58485958
9 53 8.39527373
69 95 2.63246549
99 77 2.7028524
71 94 2.46925891
74 81 8.50502205
56 3 1.72025524
39 61 9.91565827
8 32 6.38518762
57 6 1.68233905
13 15 3.14009645
3 25 3.75951716
4 32 1.54202588
59 73 5.10628927
75 12 7.53846736
18 28 3.77967047
44 55 3.89824985
3 89 8.97625615
0 40 4.20648677
60 74 9.1546267
14 78 3.19270581
24 26 3.11170857
5 76 5.66471866
29 25 3.01131253
79 14 3.90925363
45 55 9.6526485
6 0 5.65517057
60 0 1.97894004
95 6 9.59435395
50 11 6.13762089
11 0 2.320483
32 12 7.2908518
81 31 9.04645318
11 38 7.65625506
49 51 0.66244321
71 93 2.31408038
89 15 3.27500504
84 29 1.69605068
33 27 5.76759531
88 91 2.88952154
83 53 9.51008437
61 24 0.78405614
0 81 1.16562786
49 90 5.44375185
70 40 7.15840134
41 29 3.09521974
44 76 7.03433175
95 38 5.46581143
14 1 3.11069445
40 20 0.63970445
22 94 1.93748684
95 59 7.2482735
51 66 7.79717037
49 61 9.81999319
40 60 7.16444209
45 2 3.01929128
74 41 6.8094034
28 33 1.98420494
16 7 5.80645664
24 25 2.33166497
38 36 1.70577328
16 77 4.4006312
13 3 3.79328798
21 26 9.8198539
31 76 0.24327041
89 47 6.58954598
4 13 8.79324589
94 94 1.24600087
63 30 3.92849515
84 3 4.28977648
24 14 5.457743
13 25 4.6115093
94 74 2.17366036
4 83 4.61409288
93 74 2.34305313
34 32 3.27741952
23 64 4.82455654
14 5 6.81750423
31 58 5.00622823
81 65 0.81479218
92 42 1.79116759
49 0 6.29685937
16 20 4.0399546
15 22 1.59775897
34 97 6.28698208
92 36 5.08142724
3 79 3.87166599
84 31 1.44129923
56 8 5.94894457
61 67 7.91480577
78 1 0.36077729
82 88 4.35040219
18 99 0.61094237
87 38 2.41057301
95 55 3.3631325
21 36 1.23559138
61 48 0.98481346
12 10 2.28394036
57 78 8.61212526
15 71 3.62947471
70 57 7.14023928
91 49 2.09884981
80 31 6.89432921
57 53 1.6362467
93 1 2.62939923
90 50 5.0834069
8 64 7.53196176
91 61 3.64287977
2 20 0.78859696
48 45 2.11769935
94 2 1.1302067
58 77 9.0032651
85 77 9.00202495
81 48 7.93102446
94 33 1.77487173
3 75 9.59286404
23 18 6.26291012
50 33 6.63268894
84 99 5.72499099
31 63 6.40354966
38 33 8.33115271
60 27 6.2310898
67 45 6.52429531
44 54 0.59832991
65 61 6.82734682
29 55 8.2142343
43 87 4.46896239
18 42 7.84916423
41 17 1.21629138
71 20 9.16060007
17 34 0.80510844
86 83 5.21574831
48 13 2.38558442
90 56 7.90466376
49 18 6.68395834
58 25 8.71604676
7 74 6.54505535
82 41 1.20051107
27 45 7.2927904
12 79 1.00183193
16 46 6.52087178
43 51 9.70283617
60 77 0.76453164
61 74 3.11697289
56 64 3.14826487
43 76 5.53177022
40 27 6.71532415
58 44 5.30215861
96 38 9.01867789
70 88 9.09529442
36 31 2.55167665
54 34 5.96212907
31 91 8.26349184
39 82 7.61552754
42 35 3.75038173
69 92 7.87384828
34 57 5.49770414
42 46 5.64931342
5 59 1.34472753
47 89 6.88564206
23 85 4.59223404
73 78 1.46089582
87 25 5.30466409
22 52 8.82151902
95 57 9.85405327
56 65 1.67458255
52 83 2.14571955
59 64 5.99158216
7 20 2.99508921
21 42 5.70931759
18 31 8.96512444
86 0 9.29470774
12 31 9.96067058
13 94 5.2496958
84 63 4.24757526
83 48 6.79346019
17 86 0.62915908
97 94 2.23460748
13 72 4.99358078
79 87 1.73650641
90 46 2.86621258
19 12 1.27757691
6 47 5.11190281
97 36 2.43641469
73 82 4.53300592
28 93 0.45865354
38 73 5.68550863
5 87 5.35462519
14 59 7.56963085
82 5 8.83002342
67 79 1.52141082
89 83 3.58087557
57 27 5.85545794
57 56 3.99997331
58 50 2.30162168
20 8 2.18738664
74 54 1.09947133
1 74 0.0145056
47 48 3.77001959
41 19 0.54640046
96 7 7.61905362
24 2 2.20567958
67 1 6.41675147
22 63 3.72149569
4 85 8.29335959
53 63 5.76453275
22 82 1.40778618
84 17 6.73897841
91 17 0.8519071
58 58 1.19075789
4 4 6.43809216
78 32 4.56621481
12 93 7.07670134
58 38 7.78031441
83 82 3.18770288
72 78 6.58115309
80 7 3.17866951
33 71 6.97920642
93 26 1.32335272
66 33 5.30290326
51 31 0.7002059
8 20 1.73444945
52 41 5.38190417
17 88 3.05138095
5 51 8.95151225
52 82 1.71851487
51 70 4.09320891
