92 79 3.48459202
96 47 7.00527481
48 86 8.91564645
43 97 0.76180458
23 45 0.60305952
97 67 6.00112718
23 13 2.70220749
20 89 5.93537121
28 32 0.45203604
39 4 6.39011671
62 97 0.79540117
11 2 7.89177215
8 81 9.21945111
61 71 6.45202463
72 87 1.66894585
22 94 1.5371934
75 34 0.6705316
45 10 5.86962147
35 39 0.19054891
78 54 8.07010328
34 69 3.45559775
43 95 6.00806157
15 65 9.62675351
16 21 2.96560981
67 22 1.32968397
61 13 4.01635851
55 7 7.26264431
86 21 8.50167673
94 59 7.66302531
8 54 1.5165634
66 51 5.73990139
43 53 9.15669888
83 64 2.8583243
80 43 8.36518525
14 71 4.35125509
42 4 6.12099992
97 74 0.02419917
3 2 8.36400149
46 29 6.3469831
64 73 9.84649749
4 41 7.09049512
4 64 5.13037125
89 89 1.88450647
1 57 6.09731254
89 9 4.50950513
63 55 0.33371362
7 58 3.21193109
3 66 4.97358931
25 91 5.39957303
4 26 2.60646902
70 88 3.19900248
88 91 9.45819356
93 51 8.99623585
62 68 1.43260424
25 13 5.72670778
54 74 5.14033639
42 25 7.64836226
54 58 7.57395418
43 15 8.15108584
65 54 3.18251358
73 70 9.98947265
84 99 8.3437148
52 51 1.6553305
72 96 4.21433424
76 67 4.75104355
85 90 2.6978257
8 93 7.79002941
57 44 6.71690654
58 11 9.89783699
36 54 4.49931242
57 97 2.63070133
33 33 6.1629005
51 23 3.77556279
65 18 8.54376396
92 98 7.21911667
53 56 6.83763643
82 8 4.52807555
83 14 1.73948718
18 30 8.69534644
88 35 0.76365303
25 47 2.24163332
43 73 7.84506108
67 8 6.07745047
11 7 5.25159867
84 58 2.96885162
73 11 9.07922686
43 37 1.33481702
73 12 2.73591363
93 67 9.99422532
32 26 6.04479026
85 12 2.44766168
68 10 9.05341445
32 31 9.4965795
28 11 9.10959585
67 0 5.50090927
68 88 9.4791241
31 20 1.67360765
12 52 5.89492504
55 47 2.07379758
72 49 4.99718637
69 65 4.68871087
88 71 0.9418692
54 48 5.21693019
95 91 0.55994047
45 82 1.46867367
33 70 3.99221755
20 20 0.81942654
7 70 8.52449273
68 60 9.51019215
30 28 3.70360852
7 27 9.51459462
50 90 8.91083716
89 57 4.45551421
19 19 4.56808393
70 32 0.8425899
53 93 6.17899512
68 38 6.3924848
87 69 1.6066357
33 39 4.68072424
84 0 7.52502593
36 26 0.1510973
97 13 0.82295964
5 93 0.36943216
24 67 2.49214324
80 5 0.21926552
32 38 7.8429226
11 52 3.59287298
12 66 7.27426181
65 97 0.15181293
32 6 8.66717515
53 30 1.29427755
5 22 7.61578631
87 13 8.78923915
65 45 4.33207993
94 68 9.85409996
38 92 1.38163527
65 12 8.57061858
64 96 8.9084463
61 66 9.55272846
44 45 6.72529902
87 50 2.01662436
37 18 6.03003558
32 53 9.4040575
53 45 5.17649278
86 26 5.51195385
45 76 2.94701018
97 1 2.73222296
27 41 2.30816521
28 55 9.87380883
34 32 0.73809602
29 71 0.56497989
5 82 2.84750017
86 97 8.23968618
0 58 2.99297526
52 29 8.17595683
55 0 5.54402703
91 8 5.63710393
19 27 1.91073916
81 69 1.05010633
79 18 5.99923504
30 97 4.5587549
15 44 6.92199948
78 30 6.42923269
57 25 8.78362602
68 54 7.15396942
36 27 8.78233924
98 80 6.2365588
94 82 7.93826158
41 47 5.11269072
89 54 7.34649189
12 42 4.97641626
95 39 0.36729695
6 33 4.04754656
12 19 3.4330015
20 47 6.02004435
13 15 2.910252
82 13 8.66338624
23 86 4.71129775
46 48 5.60587301
22 45 9.50860247
24 99 3.74981129
33 91 3.87901923
38 22 7.72020443
62 33 4.44721186
11 32 1.56547407
34 97 9.25416239
39 65 0.64501145
49 26 2.60917327
14 14 1.52889337
39 32 1.69671019
42 84 0.6217759
4 57 2.39703973
45 17 5.71808791
26 8 9.33299857
32 19 2.74709974
22 56 8.67540304
61 19 4.37760846
38 45 3.48917865
88 90 0.29588396
96 82 1.64328911
71 4 5.373
41 69 9.5996912
59 52 7.45523829
33 88 8.95003175
28 22 8.12476809
27 29 5.29442803
57 31 1.69176777
10 72 8.82341082
28 5 9.16678941
28 23 8.56872565
25 78 9.05733092
39 21 8.44053559
67 35 5.45127154
30 30 9.34913328
41 34 6.72618693
73 34 7.2880248
53 18 2.78954156
7 67 6.92113473
71 23 8.02366532
61 6 0.35395829
77 89 9.82128709
39 63 1.13193108
96 56 3.24644344
60 38 8.69313361
54 4 4.99326844
21 35 6.42686119
77 95 2.24139639
56 49 7.73851682
99 4 0.81654675
5 62 4.67653515
90 88 9.23538987
58 7 5.52094272
87 30 0.04034207
13 9 7.16018834
14 21 1.57485863
56 13 2.39503306
20 30 7.58391877
35 47 1.80875501
80 7 3.61946377
40 15 9.32057084
63 34 7.58725175
80 85 9.25376187
40 55 6.8585572
89 79 3.28127284
34 15 6.45380679
93 48 1.06624767
70 80 4.10803927
30 63 2.63597716
85 56 5.16548611
11 49 2.77348132
28 10 0.11370861
17 22 8.23978765
80 42 0.67551265
61 5 2.08662827
76 83 3.58435581
5 58 3.57452138
29 62 2.98383415
11 68 2.39825886
27 63 9.88606763
21 62 8.51405289
6 47 1.08023638
67 17 1.77646422
38 25 6.33806262
94 17 1.68264618
44 55 0.61862497
21 16 0.68043247
49 14 2.74188196
48 81 3.57044646
59 66 3.63665289
86 63 0.51851165
30 22 8.95961183
34 59 6.97811028
88 6 5.39316413
34 63 6.13018795
82 36 1.78112712
76 66 8.94718895
49 78 7.0223962
2 19 2.47732933
38 69 9.53323803
89 93 5.47156539
43 22 3.7166704
60 26 5.10770931
2 60 3.57511637
92 69 5.90450207
41 74 3.83659791
94 24 9.21860745
23 56 4.39875776
79 50 7.85859696
99 20 5.8860264
29 32 7.31954527
73 22 0.05888855
31 0 8.57196054
21 42 1.15176893
20 84 8.14226527
75 20 8.83250049
98 68 3.03967988
74 58 2.6665513
50 25 8.15119322
75 76 3.48882069
15 27 8.17598319
44 19 6.66222589
91 28 5.69692581
41 86 9.2014754
19 16 1.64276452
4 25 6.7933293
20 6 0.52835163
17 74 1.8070462
60 86 0.99748593
86 36 1.80494217
2 25 7.9490708
54 73 8.793602
66 61 5.16320092
62 46 4.1917303
15 69 2.32068634
9 78 3.17132324
45 89 2.81229409
31 76 5.85392274
71 94 8.5398633
11 9 4.85423611
60 42 4.73426337
62 50 2.27844482
21 58 9.81067839
90 1 1.90627082
53 0 2.89109799
42 85 8.4675637
25 20 4.74936411
81 4 2.35328735
33 82 6.03299668
90 37 7.97266931
76 31 7.2897913
34 46 4.35592734
35 65 6.87549384
83 70 8.80526634
35 27 6.65173027
3 45 9.23525136
15 0 4.60434487
1 40 7.80647256
35 34 1.89262274
88 69 2.97063563
49 66 6.97859416
11 8 5.37491564
31 89 0.19352685
50 47 3.96856837
15 58 2.87524255
99 56 0.06640054
72 13 3.66018184
11 83 5.54928385
81 97 0.06705658
58 1 0.14817945
30 75 3.93603465
53 26 3.01322032
28 15 8.89161561
47 39 7.96678785
7 84 3.32893992
58 0 0.69363472
84 81 7.44111959
95 59 4.09502057
49 87 2.24672527
70 29 6.85452379
62 24 7.36065989
75 67 0.55111285
96 14 5.30038402
5 1 8.83549054
72 25 5.27776499
27 10 1.04060152
67 20 1.31135696
98 70 2.54593834
60 11 8.5788459
81 9 3.80705108
74 69 1.91809257
58 40 7.63555116
8 43 6.84389248
18 58 5.70619426
75 57 8.58221769
58 89 5.62302001
5 72 3.52672544
79 25 9.33211962
95 79 7.12078314
3 23 5.17754935
7 9 6.88550256
78 61 4.13726385
82 64 7.75100197
5 49 4.97338072
78 26 0.29195985
34 68 5.4861918
14 75 7.37939919
57 89 2.70652393
99 25 8.65653327
89 90 1.90152058
65 11 4.45951455
2 34 9.05839756
78 96 8.52064553
75 7 6.76130503
45 52 4.01889322
54 2 9.36550781
5 40 7.61379439
78 7 4.52551391
47 55 2.7507844
74 63 1.94348242
91 30 7.06617283
23 35 7.25157091
15 86 6.20134488
42 88 8.11247203
91 97 5.28028525
6 5 5.91173349
74 66 3.69964668
60 48 9.51960922
33 55 2.96665532
89 85 1.60827015
55 64 5.03680902
89 42 5.88997254
24 25 4.3149695
89 16 8.16929131
45 53 0.06548278
90 33 7.35775555
54 3 0.86984947
90 61 3.21863803
47 19 7.15522508
82 21 9.48829467
71 86 5.46887205
68 6 3.72071096
66 31 5.03315291
74 21 5.67076628
48 28 2.71903735
86 52 8.52679482
41 78 4.10625265
0 71 4.51252251
78 66 0.88700158
28 61 8.78672966
13 4 1.79010124
50 7 9.34060756
81 49 3.81665518
0 39 6.31640706
57 98 4.32109056
62 81 5.83450719
89 43 0.1736573
25 21 4.77548236
97 21 8.87349514
74 1 0.79853362
82 70 5.41913046
29 88 9.84391816
6 31 6.30183234
13 27 5.46556173
69 19 8.05905516
27 58 3.28520451
60 93 0.04762621
55 13 9.58994781
24 6 4.57799801
22 16 9.92957689
95 7 0.82130585
72 86 5.66882829
3 51 0.38019788
40 4 2.71250443
22 30 8.98290491
73 72 0.23143394
11 4 2.20362377
33 62 0.25733529
91 11 5.05457837
43 75 9.84646102
23 49 4.60111459
27 47 6.89914464
5 52 3.50710688
10 78 4.8287198
71 51 0.3989984
66 5 0.44425131
98 76 7.1892497
54 72 5.74088941
44 14 6.96442373
50 69 9.70812094
83 23 9.52074231
71 19 5.60980176
53 83 1.29460187
90 0 7.2943659
82 99 8.08190779
82 28 8.66880001
63 17 3.54204746
92 59 3.93267792
41 23 4.45807127
53 13 2.37433147
89 45 0.81740027
84 8 3.81011263
16 40 7.99618256
92 9 9.88621354
41 26 0.70908197
68 47 5.65239189
8 71 2.02376731
73 87 9.36359773
21 81 2.56919555
57 78 6.42158925
28 52 8.65270398
52 73 5.80311944
77 71 0.10678712
22 81 3.3569098
67 10 3.42762039
41 48 6.73150415
62 75 6.37752667
65 30 4.94103607
91 69 5.64753644
95 11 9.68160407
19 18 3.31025678
67 39 4.46909131
24 2 5.35067104
28 96 7.79454542
61 51 9.86103139
97 38 4.57004628
59 79 5.23236103
23 43 7.7701565
84 29 3.00484002
42 17 6.02790283
7 68 2.212321
13 0 8.34164798
24 22 8.3748525
58 79 5.24962442
78 4 7.47533297
20 27 0.34085557
14 17 2.29361091
55 26 8.65708546
23 28 1.25730429
1 68 4.58636696
19 45 5.54976234
35 7 4.8106462
25 51 8.63945089
11 67 8.88395672
46 90 3.30665968
25 33 4.98818441
29 74 7.18670604
11 96 8.17668685
12 96 6.69664309
58 43 3.64056254
21 36 2.1304238
2 17 9.92517237
92 89 4.58112576
21 47 9.09331647
73 30 6.61086935
8 44 5.21294429
29 33 6.06878218
22 47 4.46022129
34 82 5.69317761
58 54 6.65216615
24 26 2.73945359
38 20 6.66913731
34 19 1.96938866
75 49 3.30153835
44 3 8.02086785
0 52 8.3158025
54 22 3.93796834
89 99 2.8747821
34 25 5.94973552
79 31 7.15849877
87 82 8.05225413
41 20 6.84321661
5 43 4.4835165
50 86 1.21928457
96 88 4.84010566
6 94 7.38527983
95 18 7.67390927
70 5 0.53455242
83 59 1.36465151
12 9 8.91516145
16 39 6.94850457
60 70 3.37232734
90 64 0.45144274
2 56 9.33109693
20 29 0.9243725
50 17 4.08617659
72 83 7.79505929
72 48 6.86239866
52 88 3.38569713
71 40 5.5568226
67 64 5.20683784
11 10 8.12886189
99 74 0.20824903
97 33 6.62873039
91 55 1.08692786
68 81 5.68860027
11 88 4.60920542
72 36 9.31149187
66 64 1.1801806
62 29 8.84716549
35 14 5.44863947
96 17 2.55173848
25 34 7.79764579
67 30 8.75852597
89 62 9.82061089
96 49 0.74930529
98 53 6.26293214
5 10 2.72452104
48 57 8.82025446
5 38 1.46752385
78 8 5.78127977
76 9 3.46095685
91 72 3.99407532
77 59 7.95694584
65 16 6.3252234
59 23 8.27158935
75 29 9.53800491
26 38 7.31848043
32 56 8.52479632
37 39 9.82217883
72 53 2.29529619
23 0 2.81649047
91 71 6.71663962
40 32 0.20416223
80 65 3.40885114
15 22 3.54743277
84 22 4.10581261
24 14 9.58429914
20 41 5.07921789
74 17 7.6529149
52 82 7.24670207
2 84 3.94798975
14 53 1.98742179
35 64 7.30273511
45 42 9.55177725
26 52 8.5391176
54 93 8.41399083
31 44 2.89890691
32 99 3.20725878
62 1 8.99983516
46 72 8.56494608
37 78 4.73485819
12 18 5.42409565
77 68 6.95216784
28 73 7.80001545
46 23 1.62405927
15 98 9.62677955
41 50 7.66577004
88 84 7.88862592
12 57 0.7253737
31 95 0.60325295
5 56 6.83718254
14 51 8.24194893
31 68 7.71805921
88 52 3.31447672
6 2 4.41704729
49 36 6.02584017
37 26 7.86774582
45 79 7.12724305
45 59 5.97794519
5 98 8.1468464
69 20 1.12531665
43 39 5.75758209
6 26 0.74802665
81 21 1.9076047
92 56 7.87010299
23 83 8.08553747
52 64 4.49253291
29 80 4.20478496
76 18 0.3096464
29 81 2.28520138
71 81 7.66786208
18 98 8.27850484
95 73 4.51787527
53 75 5.12771697
10 71 5.45913424
95 68 1.8838728
11 89 5.45873892
36 47 4.75506101
56 52 0.71258004
37 34 9.65393759
94 42 3.02956499
22 53 6.19590189
60 3 7.36819165
4 4 8.39637613
30 20 3.27362894
8 65 0.17025304
89 63 7.27947711
77 77 0.11794192
56 85 3.73844716
65 39 4.6433843
12 76 0.15205376
33 32 9.58477166
16 30 4.87865214
49 6 9.20592819
62 17 3.37263733
86 87 4.37404388
64 55 7.67623072
13 66 8.99213479
85 63 5.79280831
45 94 4.13796646
27 25 2.1540009
39 76 3.3047361
97 85 1.95408678
4 52 2.89986962
57 5 7.60753559
77 58 3.09953993
86 89 5.59297497
52 84 1.17121691
58 80 6.96947533
18 19 7.64034266
66 42 6.54173467
9 69 2.68633578
84 96 7.21190477
55 82 1.04959957
45 0 5.2448816
70 62 1.44690883
72 91 1.90541545
59 7 1.07953006
3 22 6.00246079
46 16 3.60234357
