99 96 2.46835851
35 58 5.33122195
13 1 8.14271924
91 52 0.40039801
99 44 1.52379108
40 75 1.75778485
33 81 1.25769648
17 74 1.90138773
55 97 6.21848451
85 46 7.9322226
68 79 1.96384323
16 91 0.97306018
25 38 2.93315027
49 64 4.45226841
7 95 5.21835857
34 0 1.33470486
83 78 4.76443362
8 17 4.134238
84 53 4.71859454
89 51 4.09305489
34 60 8.59295665
55 87 5.15885423
83 48 5.07356692
76 27 6.48968933
46 32 1.91581203
41 50 4.5202477
53 78 7.19242032
26 14 3.32598429
39 78 3.93453632
73 48 6.7836029
76 91 5.21679878
6 11 4.38378663
53 46 3.48946883
66 72 6.69011634
0 51 3.42155766
3 84 4.02250433
29 5 2.30362875
10 46 4.27779237
83 65 3.05153992
42 61 1.66651629
1 74 3.99623404
83 25 3.28933423
27 48 9.68144021
84 68 4.2972016
39 24 6.8444954
88 31 3.3759749
9 64 7.63288016
32 32 9.54203356
97 14 0.62922125
6 15 9.45601677
41 58 9.09922859
27 93 3.5514445
40 5 1.24833838
76 86 9.3412917
1 8 1.85106105
54 72 3.45131011
38 84 0.88626107
41 70 5.31676501
10 23 0.57456149
47 23 1.95716463
63 39 4.73984581
64 20 4.76668759
24 21 9.89372705
26 74 1.5094472
51 84 0.43356772
92 87 0.77283585
90 14 2.97968783
10 69 9.23723706
81 34 9.7359102
98 84 0.34923265
88 75 3.47460272
83 66 8.68951056
43 72 4.19741683
36 92 0.06364281
91 42 1.92710256
63 82 8.14733642
84 45 3.37412555
97 1 7.70263253
18 21 9.1343939
88 55 0.50967918
61 79 5.84324378
70 8 7.91811723
86 79 2.13051613
17 3 6.3041668
25 77 6.46013779
6 68 5.50866201
47 40 0.66463585
63 8 3.42862014
78 57 4.23727418
25 21 1.94291329
59 94 1.8624353
13 87 9.16395357
8 50 0.60742546
64 63 3.36109992
30 27 9.96271698
43 66 5.12682309
47 62 5.19066415
54 54 1.05591305
22 41 2.02414722
58 72 8.60896223
74 47 6.73544015
93 61 4.85290748
29 9 9.18111975
91 26 9.27938497
89 29 8.84000465
78 65 2.85610117
32 47 0.71196929
92 71 0.81400457
94 68 7.31757958
14 66 4.06012424
95 0 3.64770467
49 12 6.21598988
2 98 0.58353124
30 99 0.55978546
41 12 1.67406751
64 68 5.34827355
10 42 8.55394241
6 95 3.32789123
93 95 7.11388248
17 64 8.30305691
56 5 4.26154429
39 10 8.13893929
28 61 1.94851065
33 14 1.87044817
38 21 0.09155962
27 83 8.88530024
24 81 0.19320461
57 88 9.21534889
17 33 9.59060012
55 68 7.53250614
88 34 3.94132807
98 32 5.96863966
28 84 7.95754045
63 61 8.25061184
43 8 3.56274101
52 55 0.24883336
28 91 5.74836728
36 21 6.03316104
61 40 9.24847226
33 5 8.76932418
73 77 1.35969877
45 13 4.9917137
74 71 2.7681776
48 20 5.26940992
71 52 7.02537032
74 80 7.1123662
58 26 7.13420933
47 84 8.05568507
59 33 9.00816132
49 16 4.59987483
54 94 3.13689621
42 91 5.61908113
27 99 4.18771062
56 11 3.9645844
14 72 8.60357615
52 37 5.9490244
21 59 8.83247593
93 24 2.47381739
75 81 2.31833548
62 58 5.04685597
95 4 0.56359785
5 55 1.71215679
81 28 3.88435239
91 57 4.45820792
65 42 7.20463073
97 25 1.6696542
15 40 5.85505043
68 6 0.67920631
6 14 6.43077635
7 54 1.55644132
66 69 7.653831
87 65 7.14039939
99 60 4.31832757
98 72 1.06803115
54 97 1.03285461
52 60 6.72426354
20 96 0.4619073
58 80 9.55020982
15 66 0.2710792
75 95 6.33148508
43 43 7.38662105
4 21 0.48817689
99 95 3.86174195
47 13 7.30088647
73 87 4.31405037
57 16 0.51962284
53 74 4.73096627
20 34 2.57394144
85 79 6.7959109
92 59 4.29962785
82 90 0.58875669
49 21 9.43546158
17 84 2.63867834
17 82 4.79788875
17 36 5.54972847
5 14 3.27716492
36 31 2.16061504
50 23 8.33016626
73 6 4.62632519
67 78 4.29838785
31 63 3.65469595
78 27 4.17456709
66 2 3.00984523
77 37 0.90583687
68 23 7.29984738
73 84 6.53047597
56 47 2.52326012
72 64 5.64124485
95 11 1.57770741
51 29 3.54007105
82 11 1.08420576
64 44 5.97147261
95 33 8.40390474
43 52 1.86175204
39 87 5.3200451
93 93 1.9592086
39 99 5.25255618
29 36 6.36999426
35 54 1.10659188
26 69 7.98230122
90 82 9.57337301
35 18 4.29841574
33 62 3.11092077
96 35 3.25866433
80 93 6.32601274
48 14 8.14293801
87 77 0.46475363
83 3 8.80925603
25 17 3.41946596
99 28 0.51754639
33 93 2.09179444
47 78 6.00142765
45 15 1.86348828
84 93 1.59660516
82 15 9.37730505
40 77 7.73790392
24 57 6.28633608
91 10 5.32349709
38 60 6.54647105
41 5 5.96863581
62 24 8.08507481
12 6 9.44897713
94 23 5.09509284
38 81 4.17030479
8 60 3.32240594
75 8 2.61719647
27 11 8.44548903
54 32 8.96196033
59 83 1.03899131
67 23 7.64344348
25 58 2.67582937
17 18 2.10384939
30 8 4.51684018
79 81 9.17060608
92 40 2.85588653
90 53 3.29696389
23 83 9.9240009
94 27 7.43189103
30 59 3.89658011
51 30 0.73243599
95 74 7.91397679
88 40 0.10466735
81 15 2.56740363
81 53 2.42703727
14 99 4.16840486
27 94 1.32550611
58 41 6.78079008
58 44 3.58871487
35 2 3.70169507
16 98 8.56046947
20 42 2.25719761
25 62 0.79132572
2 52 5.56667461
90 28 7.82144483
59 70 3.66545711
36 64 9.62212933
93 87 2.48315321
84 77 3.12336976
41 76 8.65976993
63 40 1.19831872
15 52 2.64410415
66 40 4.3039127
4 0 4.42844046
61 17 7.07465286
19 70 9.24499292
71 84 2.80865127
63 23 6.28158894
30 72 3.62640044
58 66 4.8451133
25 14 0.26361592
10 78 0.24223536
70 29 7.06575166
29 71 6.93378442
44 94 5.03077968
27 35 2.37020288
39 84 4.92745472
20 0 7.78390239
30 56 7.47683548
25 83 5.84067078
55 65 2.02645701
84 23 4.34287613
13 14 4.77458009
4 71 8.45838569
99 46 1.30186338
49 6 2.15020972
80 99 5.84795023
77 95 3.45293597
97 99 7.20627821
80 84 6.38506922
13 71 1.31844578
6 41 8.20448906
97 7 9.70760724
43 59 4.38585709
32 83 3.14126024
98 92 5.50327489
6 99 6.95937479
67 77 6.74908762
42 33 4.26027075
14 7 7.05850256
91 96 3.53373287
15 3 6.88056407
81 13 0.16170344
62 56 2.4043752
49 28 5.17430118
70 17 4.46803929
35 31 0.8441297
30 35 8.02492228
31 18 4.73276121
43 39 5.07082838
40 98 2.67064652
87 9 3.65889981
9 37 7.51486604
71 51 3.03967039
89 16 8.15060694
57 35 2.96954735
15 65 9.22985571
36 94 4.60964752
9 59 3.30366662
38 71 7.7584794
64 90 0.15339906
89 44 1.61291992
94 51 5.38096117
25 80 3.90602112
19 88 1.93276292
50 0 6.0318955
81 32 7.77080247
65 65 4.35253928
4 19 5.11699911
87 83 0.21056283
90 8 3.50617453
86 67 5.49043287
76 65 2.83087371
39 18 6.10159127
43 36 0.21035446
41 88 1.81099593
56 58 6.2429462
89 34 6.664698
25 51 2.30072024
95 63 2.3209295
23 12 8.31748101
67 93 4.51081823
41 78 5.11528465
20 71 6.95237099
2 20 0.83712867
69 41 7.95822593
77 0 9.33567953
74 16 0.5526254
48 3 4.33180033
79 97 4.87235766
44 26 4.00725524
7 99 7.43077509
82 42 3.4804895
28 8 1.79155506
15 88 2.03573699
78 19 2.46356203
99 63 2.10752939
81 30 5.98645732
36 87 6.04356026
70 79 3.50048802
64 78 0.05182979
22 42 6.9959787
53 76 5.12850134
28 14 6.30847201
7 74 3.39293902
73 16 0.36508014
37 73 1.77230934
8 62 2.36908231
56 70 8.56543403
52 93 9.01071734
58 2 0.77035508
57 52 5.86761788
94 13 8.60419773
44 73 9.48935901
70 6 1.38164039
7 73 1.76140503
40 96 7.97355946
66 46 7.68440216
55 83 1.57279766
42 31 7.17250229
38 30 7.99681339
