76 37 9.39222452
61 55 8.26026868
29 16 8.94300806
85 19 1.45569412
73 29 0.15904078
30 32 7.37092538
73 77 6.82161895
64 35 2.49012937
87 30 6.32131064
61 0 6.22587851
67 33 7.6359157
10 59 6.81344134
13 95 6.2248655
15 77 9.91891264
67 44 4.7804753
59 83 0.68423268
62 32 0.13510752
29 94 4.99333175
26 25 0.04738741
3 67 7.31884733
57 92 1.45059984
59 68 2.94637648
54 43 7.28364445
4 89 0.86479335
64 39 7.5239885
25 42 2.49032868
33 16 1.102576
36 9 1.55901359
40 93 9.79182044
51 24 7.50621668
55 22 8.88839108
49 35 8.06296922
95 50 6.90591313
75 67 1.54587987
9 76 6.69208946
94 95 3.68126935
74 29 6.29693015
12 4 9.27468201
56 49 7.45412274
80 74 7.98610802
10 28 9.28842844
5 96 6.10804122
38 27 4.23413588
83 17 6.6671682
39 18 5.15753686
61 50 3.83840891
5 95 6.0568308
61 64 4.28115124
70 72 0.77086131
45 67 2.73193518
23 54 6.76475451
22 38 0.7691143
94 39 6.60135375
5 3 3.54835458
48 68 7.88391497
12 96 7.18646208
53 79 7.63037894
18 63 5.59707157
77 60 1.97296088
46 89 4.35629513
4 37 0.88886414
11 39 1.05406137
45 4 2.31246819
68 62 3.02831374
70 91 5.12819682
73 42 0.51212622
76 56 8.47417551
48 1 2.2772293
41 58 4.21527884
90 47 8.95344329
31 64 8.43223393
75 39 6.50403447
26 43 3.97264838
39 81 0.67308699
60 33 5.12552171
27 38 4.42443158
88 48 2.47583772
72 91 0.84010134
60 58 7.98194325
36 55 3.49683822
33 90 2.02689875
56 69 8.28212053
42 77 5.88394988
75 44 4.12697955
46 69 2.02878738
54 96 4.33964451
55 15 2.51542076
1 55 3.01989755
46 71 1.97562479
99 2 9.5454584
87 18 1.54652357
70 28 2.88456418
92 28 4.35925385
47 13 6.18567659
94 53 4.60151983
12 90 8.19224454
58 9 0.9901295
88 97 5.08128974
47 48 0.84207244
3 95 9.34733232
78 68 5.59722104
51 55 1.7929691
98 7 2.90661563
81 49 2.11580708
97 84 2.202032
52 10 2.09432204
58 70 2.92175531
77 49 4.84426916
88 7 5.73128556
63 31 4.12651421
96 3 8.31647313
86 19 3.84372171
8 64 9.93696711
18 90 4.73363307
44 6 3.76688813
15 34 6.6185128
18 39 2.24589049
77 48 6.62990388
37 98 8.0135447
53 68 1.5139853
50 24 7.81166646
77 87 4.0903627
11 87 7.65866133
9 95 5.15394616
2 37 8.16530517
87 34 0.89462711
27 81 4.63331365
0 26 4.2544472
89 75 8.9235214
80 62 6.30581151
16 17 6.5425292
24 70 6.10474512
4 43 7.68311104
54 79 5.40629204
23 55 0.0427723
3 52 4.62908922
34 37 5.84008388
17 23 1.78710799
85 89 8.63209576
77 61 5.37270912
59 20 0.36689113
64 13 9.30070865
53 35 7.53109914
65 60 0.47967632
37 11 8.32505363
37 53 7.48746984
31 19 8.71714284
50 87 7.73077236
21 15 9.37285919
72 44 6.86081285
91 56 7.13597578
27 9 2.59913634
8 72 8.55381143
87 39 4.38921333
1 41 8.55856077
21 50 8.37620392
53 6 9.90779548
65 19 2.16007329
56 67 5.82346442
84 75 8.32104587
22 20 9.34971251
79 79 5.31576598
71 54 1.85588936
26 22 9.54613762
67 28 3.44214319
37 67 7.68309895
21 29 8.45090329
56 16 3.47551088
0 89 6.67877745
0 50 4.49108336
88 49 0.73367367
79 78 0.41478243
15 64 6.67551326
16 27 7.92129818
2 1 7.70258667
28 25 1.34659955
49 50 2.57906834
72 3 0.35134877
88 96 2.9430653
40 99 8.64763849
81 78 3.38083326
81 5 0.49437564
17 12 3.23141044
40 29 3.2491405
83 34 5.2965998
41 90 3.80265004
8 18 1.406501
80 66 7.10404366
64 50 7.6323967
94 20 2.14190686
76 35 0.49048906
24 82 7.69378751
88 71 0.66370507
63 92 5.37230953
6 55 9.87018303
62 18 4.36456667
23 59 0.91534086
24 36 5.85859624
46 38 5.29232346
54 16 3.939445
41 46 5.35611298
34 0 3.58739973
54 93 7.55640706
42 47 7.64122073
40 45 5.13410644
43 22 7.01262906
37 8 3.4690033
35 9 1.3659524
62 69 2.60954334
47 35 3.38591233
50 89 8.6812006
77 45 8.77954905
77 22 6.67834107
1 92 7.34505121
37 81 5.5270482
52 68 4.94305711
95 56 6.55175251
97 41 8.66312321
78 92 6.17564351
30 35 2.64179515
32 12 0.47068324
10 95 7.85392503
81 72 7.98593359
32 69 4.10527138
81 53 9.8475761
10 30 7.63615082
53 82 8.76745016
93 73 2.95486209
24 52 0.070183
84 76 7.62435
21 1 0.19913318
45 21 6.40679841
13 21 9.71015706
73 12 5.07113479
29 27 8.64442362
4 74 4.15531908
25 97 2.18558851
16 68 7.64938394
95 35 0.75162098
71 65 0.39570151
20 10 4.68820343
37 17 9.85933038
45 3 8.39526582
41 5 0.17088279
42 57 8.51913903
66 64 2.77409348
70 38 2.24437803
2 94 3.37682354
66 67 0.20011025
28 82 1.56276515
82 25 0.69988869
60 4 3.96562486
28 91 3.62862501
26 71 7.73103564
38 86 7.07879873
89 98 5.37778813
21 37 4.73854388
37 43 3.98001354
77 23 9.21454072
19 9 7.67430103
4 52 0.79263563
17 52 4.85360523
67 11 3.34328012
68 88 0.39049184
65 82 9.78973012
12 1 9.18502232
70 69 5.80728419
87 78 9.86726487
3 71 4.15314596
91 48 4.8990198
4 87 7.04570219
90 64 5.03008605
79 18 4.49372359
86 93 0.44964835
63 15 9.3725629
16 18 9.49125587
92 30 5.1091896
18 70 9.31039301
45 11 4.01289924
97 54 2.22109224
4 51 6.07728843
84 36 0.45126187
77 56 7.54360208
74 39 8.92533811
25 53 3.87888965
77 57 8.52564566
18 31 6.16047098
8 44 7.09896923
71 73 8.89546516
74 58 5.29420583
61 61 1.46256321
94 50 3.24553722
51 68 9.87007586
22 40 8.6090092
13 7 6.47843423
15 31 8.4848031
46 96 6.38872254
54 84 9.67248818
25 21 3.42666165
8 28 0.5338943
56 95 3.99994137
43 11 8.8388563
81 10 0.64194265
79 61 3.29127852
89 19 0.77758984
58 42 3.92351209
48 20 5.23247895
38 16 1.53790144
23 68 7.77675947
54 69 1.19952629
68 99 2.55191724
42 41 8.62044162
57 33 1.98827722
34 34 1.32639423
99 84 3.54263794
32 7 9.76842441
39 62 0.55931047
37 7 8.69598719
22 62 3.78647342
93 67 9.89916975
95 96 8.1615568
44 69 0.673011
4 77 0.89072805
27 48 0.83836154
88 99 1.49547713
92 79 1.20983628
87 92 3.99965765
29 48 7.83195552
37 47 8.20655409
80 38 8.66072952
23 75 5.54434547
40 85 8.85435006
79 34 8.89490062
37 19 2.0305812
29 0 7.52025737
9 31 2.42433554
45 28 5.03453625
12 52 1.97750481
65 14 5.91551585
56 81 7.56183264
95 10 0.7785328
92 84 4.47564573
22 22 8.76855308
32 46 6.95300725
28 13 9.75082105
53 32 4.07544797
20 83 5.60519705
65 30 9.43150669
49 59 9.35879744
64 79 8.11762248
14 89 6.52047602
28 45 2.87943724
17 67 0.57828867
14 44 8.43681237
42 78 7.33613915
68 95 9.88722945
16 44 3.24375504
30 28 1.41151106
62 44 8.10644345
18 45 3.81811448
38 51 9.87728502
52 47 5.35958661
54 35 9.34284629
68 44 1.41775489
99 6 8.13953042
7 20 3.8573507
69 11 8.91451028
51 17 9.94132282
6 30 4.75387554
77 84 2.75128229
53 12 9.3517875
37 14 1.71034773
2 63 7.07498447
15 41 6.82382262
90 78 7.14877182
35 93 7.5554432
52 64 0.41939758
7 67 7.50791976
72 96 7.92722164
6 86 3.32345875
18 69 6.45872674
55 40 4.1083844
71 63 1.72243195
73 9 7.76779771
24 30 2.68937692
53 58 7.56257424
46 41 0.13596798
13 79 8.0699769
9 81 5.05947441
58 28 7.49480097
13 62 2.72391454
14 6 0.44341786
14 69 9.30319694
5 28 0.93851629
28 41 5.30384522
59 28 0.59316875
0 59 5.28573889
79 48 5.66153591
74 1 7.82992852
71 52 5.1896463
49 96 0.37021767
58 35 8.85029207
79 39 7.29593583
69 80 2.81839055
34 43 4.13231199
68 23 7.30160323
21 8 9.20045901
86 86 6.17872582
17 33 4.19333706
68 79 3.11472244
97 88 3.38003724
2 93 8.81431181
38 82 6.36149825
83 13 7.12132027
33 67 4.41427755
86 9 0.77326287
42 62 0.38971274
14 0 4.03647496
14 59 2.64136523
29 83 2.70187255
33 4 1.31738044
93 20 4.24037924
21 13 0.34421083
68 64 1.06592921
49 97 6.74206864
31 10 4.85717808
39 33 7.41743607
98 16 8.0830041
20 66 2.76878456
64 73 8.27797927
59 75 7.23512422
24 40 3.71883405
8 74 1.73207428
18 26 0.90795592
23 28 4.30607446
76 57 2.7703863
37 83 2.98844155
38 99 6.26839864
92 99 0.1286583
47 5 1.57151355
98 15 6.29165975
82 42 5.42471812
19 85 0.18278829
97 9 1.17318821
43 13 3.83146234
70 4 6.90284104
1 36 3.78611906
38 57 8.52830955
17 97 8.38461761
60 38 8.45061182
57 56 4.89967012
68 29 6.12950228
90 38 5.90704137
25 14 3.73395906
44 44 4.80145026
48 93 3.07453309
54 91 3.68081993
51 25 3.58141632
92 52 6.95059391
67 15 8.65527266
63 88 0.42230391
86 78 9.3275579
89 88 0.76575775
35 97 0.29410991
98 98 7.19722877
5 82 1.08275376
48 85 6.10451122
26 92 4.71138916
38 14 8.8974024
75 33 5.14930877
43 82 5.19440522
78 39 7.1556402
42 98 1.15238394
20 25 3.63685555
61 2 3.76410932
14 58 5.2586661
47 80 3.77212472
17 87 2.46384909
2 52 3.29239107
68 56 6.40621159
27 98 1.72976537
55 79 8.5571346
98 1 2.84300621
83 16 8.83289436
15 72 3.44673722
77 15 8.76182465
51 21 8.63277682
90 82 4.38720478
3 48 9.666357
25 66 3.58377277
88 53 6.37240098
99 93 5.98422332
22 86 9.09847185
25 34 9.41448314
75 77 3.83689486
18 23 0.29196594
81 76 5.38385023
31 71 4.14830689
8 19 0.48625281
43 74 7.50789642
97 5 1.18539136
71 95 4.50163613
72 11 4.27868456
34 62 1.83485395
95 69 9.45471492
74 7 2.87761935
66 2 5.70348126
99 40 5.33889486
55 63 6.83569047
68 49 8.46928036
87 69 3.12828899
0 21 0.7582785
45 8 5.37784704
93 54 9.42642229
57 97 0.52192352
85 21 3.73353709
46 48 7.92634553
90 91 0.80576426
59 53 7.82800688
18 75 5.370885
8 48 1.93331685
83 40 0.32229948
38 31 2.43511
84 86 7.1389974
23 3 3.08954151
93 52 7.67009149
24 39 6.85472874
7 49 4.93001094
81 85 9.09389558
6 65 2.5083664
43 87 1.58699146
99 14 8.23186326
36 94 3.93698402
99 75 6.17275179
44 39 3.6224025
32 22 4.06928744
97 78 4.96297969
22 8 3.7996576
82 68 5.48582088
21 24 8.77446997
59 86 2.5697757
27 19 9.51501813
98 74 0.79600638
57 27 0.31472036
24 79 2.52022759
56 35 1.13357313
16 35 9.32746674
65 17 8.31334414
61 6 8.63866566
33 63 8.30038307
91 6 6.4106762
54 97 5.98820448
52 93 7.47181213
31 25 3.73589207
74 76 5.10040349
3 82 9.21921066
72 62 5.29173494
43 37 7.33142102
28 97 4.45021647
16 39 7.95960949
0 34 4.70120925
46 43 9.79559749
33 69 5.56444602
36 67 8.92425548
37 57 8.73632415
73 58 4.19417685
57 1 7.37209086
94 15 8.58828477
19 62 6.91965527
85 70 6.87798841
27 86 6.85427836
79 5 5.03243679
65 20 2.42090329
71 74 2.25244229
68 40 5.14781886
77 69 7.49189488
46 9 1.72617391
5 99 1.25818713
91 9 8.58558341
82 90 5.30856486
62 63 2.00063804
85 1 5.70690807
19 37 4.77060781
29 49 7.29009923
49 83 9.89089092
83 9 2.64696628
30 91 7.87868563
39 49 2.81615293
40 18 4.92302145
32 49 1.96936705
81 19 5.65522057
21 23 3.35794029
17 29 2.22096224
62 71 2.44466487
71 29 9.40889052
84 84 3.06406761
30 26 0.06310592
18 91 7.44478112
96 83 2.11585141
51 37 0.79707949
29 98 2.74306474
43 84 4.66235196
98 25 7.1174886
32 44 5.82502216
8 50 8.10018247
25 81 7.10826891
73 93 1.88054458
79 84 0.21947093
19 12 1.68210174
64 19 0.99787248
33 35 4.94335217
96 81 5.81449314
63 76 6.40199474
35 50 4.8125283
85 24 8.87191278
42 95 0.03864344
15 76 3.72017107
47 53 7.2453354
64 17 6.97997149
25 31 5.68392659
89 36 5.32057203
38 5 7.44116961
84 2 6.0445861
32 0 1.97277991
82 95 8.2730349
16 34 5.39281117
35 51 1.97818822
48 83 4.12896651
64 4 7.97613192
43 92 4.47593138
89 48 0.05006402
89 82 1.00369374
0 86 5.74096499
44 34 7.37664649
98 95 3.74092785
46 98 3.44440024
25 93 2.21315138
5 93 6.44163451
32 15 2.13837186
5 31 1.37737838
26 37 8.89166158
24 64 9.16779895
16 95 5.94966579
9 98 9.41955704
88 14 9.91858575
39 7 1.23155976
10 18 9.1911899
43 14 5.38382365
75 55 1.01842501
45 45 0.7422405
45 63 2.05890692
25 51 0.2220189
51 73 9.65173845
59 43 2.00573526
64 70 6.50892868
11 23 5.54101209
4 0 6.75439159
26 96 2.27543852
55 10 9.44053541
57 91 0.71222607
10 45 6.00983104
65 61 5.33348173
53 22 6.21452105
86 95 6.89637113
55 93 5.43892011
52 98 4.55388316
20 96 3.9153846
18 54 7.01030064
52 90 2.69229831
28 32 0.49860192
14 45 9.20428718
19 6 9.21728775
98 77 9.24385188
19 67 4.6127573
20 4 7.60114433
31 48 1.55508264
32 9 2.77447377
8 14 0.33883726
8 9 3.91370778
18 68 2.49877039
73 51 3.37075955
31 51 3.67052385
10 8 0.94825582
45 29 8.15662271
15 84 4.25998428
81 6 5.22861465
26 60 8.82186366
36 82 6.280559
74 96 1.14809682
64 44 9.02396417
38 50 6.15293909
49 70 3.35924355
8 85 5.61516637
13 23 3.64635061
46 85 7.44003785
59 22 0.17298664
4 47 5.86503984
83 45 5.37938243
37 34 6.49344007
49 10 0.5558915
88 35 7.16110578
22 16 7.90006061
33 96 0.49951392
87 74 9.17322591
37 42 2.48702676
1 79 6.19962977
73 6 9.34572281
74 88 2.31989003
43 57 2.829582
90 67 4.73273718
74 15 8.86007533
62 24 5.47214047
43 86 6.97634229
23 70 4.22250865
31 32 4.78891149
20 61 4.11523718
91 35 6.6657788
49 49 4.01817836
60 27 0.62590163
68 65 3.20230821
20 3 7.5321604
92 50 5.77325693
76 96 2.24527858
37 56 0.78600765
23 91 0.14031561
32 97 3.02304317
69 16 8.26561216
84 24 7.31361313
18 58 1.2366
75 42 0.197433
66 11 6.68789178
28 74 4.05923464
37 59 8.46102072
22 50 9.91516615
20 69 8.31952325
80 2 1.16745031
46 83 1.49496334
56 76 6.97189222
89 51 7.36735177
45 12 2.81732665
53 15 1.17882275
18 86 3.27825318
13 54 4.42435629
50 56 3.2122554
11 8 9.02002394
5 59 6.38455745
96 44 3.54323105
80 85 1.55827573
91 66 4.15619329
44 73 0.7548786
61 32 3.14854383
60 85 8.87679861
0 15 2.68297753
45 53 5.06833133
14 20 4.31746308
15 35 5.2765852
64 80 5.48209245
90 0 4.51697089
74 85 5.49030109
84 90 2.0384153
10 65 4.28316848
46 49 4.63341074
70 61 2.99455709
80 80 9.66728823
76 94 6.57379939
61 73 6.38669536
90 99 8.76244277
93 24 3.67134215
25 48 7.53455146
76 5 3.22072619
79 93 6.7467833
21 71 0.1570404
70 53 3.66753775
14 23 9.81772956
74 3 5.86428016
39 73 5.3725559
81 0 2.15904682
73 17 5.32104522
1 91 9.93016835
16 94 4.03247606
98 31 7.89618549
24 98 7.96106691
83 89 2.43035928
42 64 1.06978942
61 1 8.18217955
9 58 4.53943837
87 79 0.35097608
67 92 0.43949788
96 47 7.56590587
72 40 4.09004671
15 89 2.87693487
22 37 8.55931965
28 87 4.49345631
31 11 4.9631958
75 16 6.18935118
50 61 1.92205528
46 94 9.19092747
76 13 3.68648391
33 91 8.35157424
47 10 3.16268054
75 6 0.92074153
70 55 3.01715528
22 79 7.73901878
60 25 9.29033098
77 59 1.50896265
77 96 6.06497243
53 23 6.10976427
38 93 2.6686782
73 49 3.36767229
68 13 1.42145837
48 6 5.25443697
24 84 9.34038386
84 21 2.01500859
94 83 9.89320338
24 62 1.26259076
45 51 8.68538195
62 19 5.48450126
88 11 6.40186831
3 65 1.53366825
48 59 8.85212017
57 86 8.49992799
75 13 0.29452449
82 97 5.38671029
61 70 6.88249968
14 74 5.09635533
59 10 3.70590632
85 8 9.21234242
94 7 0.37360129
67 10 2.61426656
46 72 4.41287256
53 61 7.26428439
67 37 7.01805601
42 31 1.16330101
35 33 7.926318
28 4 6.63144234
83 80 5.95183674
25 79 6.62563437
42 58 3.30085162
28 30 7.81250205
32 41 2.49504537
94 29 4.91844515
54 2 7.8352426
72 60 9.65111163
93 25 9.37248481
31 93 6.19749657
12 34 7.69335345
87 59 7.48039006
48 87 1.77035382
78 36 0.84424793
7 52 0.16096407
69 10 1.5885133
43 29 8.30806805
73 47 3.28531015
25 76 5.60279687
53 1 5.01139829
92 22 9.66319007
99 68 8.59791538
78 99 2.03997653
83 7 1.89843668
33 84 4.51891238
33 8 8.32752829
82 14 6.1529646
82 88 3.03457846
95 85 2.33271414
57 26 9.0951275
54 61 7.87809642
75 0 8.1093054
52 66 1.62337383
1 39 6.28840497
92 64 3.0528563
80 76 8.36942729
41 29 3.54959474
33 97 8.14588007
89 69 6.56376417
13 76 5.08749217
90 12 3.53545265
73 62 4.06494358
30 14 6.60525322
19 76 3.81053358
86 23 3.7682756
87 42 2.76185271
30 1 7.28328718
29 70 5.93984109
74 24 7.63685642
19 89 2.61602907
1 6 8.50170977
89 61 3.50744323
10 60 1.35530296
50 5 9.65199996
26 0 2.46145461
36 8 6.64465295
81 80 4.12799071
34 25 1.91077027
62 85 7.69818942
4 98 2.59709433
97 29 5.65691762
0 11 0.78636639
35 12 1.07191091
57 10 1.70876274
30 64 4.23448113
36 6 3.59304328
12 89 5.33480011
47 23 4.3836174
31 53 3.29237949
95 71 6.34219529
83 20 4.92884889
58 3 0.7628836
7 90 8.79551732
99 53 5.80155318
49 13 6.90574125
44 27 0.78301704
18 38 1.84875246
58 56 2.90497507
92 36 0.58680859
67 96 9.23070864
84 87 4.94014261
20 20 8.04668168
9 27 2.17795738
24 21 6.57892505
11 20 5.08778407
24 25 7.02549768
26 56 3.80320279
17 91 6.88110642
10 62 5.01205795
41 13 1.83892441
72 63 5.99823516
38 49 3.46032494
74 74 3.35655351
39 28 8.76049349
94 49 7.59625103
61 22 0.40556845
42 28 9.35317631
78 97 1.03484086
16 15 5.0679501
67 81 0.96507515
50 13 3.82040794
51 83 4.75440781
82 70 7.14072273
67 55 7.44053956
42 37 3.09034777
31 18 3.77288018
93 47 2.91053523
61 49 8.2481565
68 42 4.34852511
16 25 3.87486763
43 4 9.55786245
15 99 0.45922855
37 95 0.58033778
26 89 7.58915752
74 81 6.74456276
82 7 4.08591173
51 28 8.55645044
73 40 8.73164031
31 62 1.76126812
1 1 0.48417583
38 4 3.11863843
22 92 5.89069058
88 5 5.91815545
94 61 7.09237803
3 86 4.96879157
90 6 7.75728066
92 29 2.88814464
80 64 1.59956349
13 22 4.55739933
26 64 6.53683261
29 36 9.21055723
66 51 9.66573461
71 67 0.18765534
60 23 4.05818499
56 52 7.8128581
16 37 9.1447547
30 39 7.8373013
92 94 9.05571602
96 10 1.13401737
78 15 6.20012733
57 39 9.87679007
42 49 8.06632861
79 69 7.84495172
90 40 7.07031666
18 74 6.45041019
95 9 7.65832104
4 60 9.0047115
87 67 7.77115771
66 92 6.01495794
85 72 9.7421839
37 2 5.62962214
17 81 8.94829283
7 99 1.7460092
9 1 8.69372358
48 32 0.06276592
2 87 8.31088356
28 48 3.83511621
77 4 4.24704079
15 13 7.72583904
85 73 1.36782726
98 62 7.41425206
99 65 6.29642277
16 60 5.14768567
65 52 6.96186909
83 22 9.62895152
