40 26 3.63196366
20 79 8.56829182
31 44 2.67270893
68 52 4.93260235
72 90 3.64133169
97 93 8.17155758
19 67 2.18334371
79 65 5.41386539
67 69 9.1526193
54 32 4.77959305
72 81 9.46297102
3 24 2.04287271
24 36 1.51342981
75 23 9.17613158
37 83 2.10153516
46 22 9.5477042
63 71 9.96853342
97 78 0.91166153
17 72 8.28654144
96 43 2.08308732
90 32 9.63748836
34 77 2.89017308
33 85 8.60260157
7 68 6.30754755
40 6 5.10199958
76 71 9.48846526
32 64 2.20566604
73 80 1.6762656
6 26 2.24298908
3 43 1.42954178
82 71 4.15841888
29 71 6.43064092
36 59 6.36159034
70 9 8.5638482
0 98 5.26601983
17 16 9.87050254
88 7 2.84265533
47 16 6.19363601
36 27 8.99963121
49 21 9.72612191
13 41 6.52175965
36 25 9.76060503
56 60 8.63241171
75 14 0.71890958
10 69 0.18847342
60 39 8.42008973
35 19 0.66721322
59 22 6.50894715
29 70 6.00425709
2 62 0.63583023
0 32 1.88440237
52 57 3.80603488
43 31 0.90855843
45 86 4.22509901
96 12 9.21789492
43 20 7.24460357
87 68 8.96472129
47 0 6.26217534
93 75 3.33554092
17 93 9.14684621
22 88 2.26270966
53 17 6.32524165
27 93 9.00088287
49 5 4.80795132
71 18 7.65790924
78 3 4.94558352
73 93 9.36347243
42 0 1.41288551
71 44 4.91878982
46 84 3.36548439
56 85 6.24676484
84 49 4.26290573
34 95 9.15433825
86 18 9.54940689
44 88 1.1285231
73 32 8.55556177
89 10 6.66979306
57 59 8.60032969
54 16 7.24952049
60 36 6.0132419
86 44 5.17788915
13 39 3.88846957
26 22 6.63853341
20 13 3.35269484
45 30 1.68650638
44 38 8.71744023
37 36 7.44513479
68 5 6.1237899
90 99 0.57767517
58 58 8.80385937
87 47 7.51315221
98 86 9.68858609
64 59 7.08832934
88 48 6.27306605
68 79 7.71131062
87 81 4.10407449
4 48 5.2995264
37 42 2.74048875
23 87 5.7331857
6 27 7.46427146
11 7 1.32078989
90 63 5.28534387
61 83 4.39849419
99 38 3.3205251
10 99 6.23780334
17 62 8.23643935
79 2 3.60180039
54 68 1.40716388
18 92 3.70337766
55 58 6.53591472
62 44 3.60734757
69 18 8.02355314
18 59 5.66494641
57 2 0.77251645
35 10 4.84620477
26 1 6.31941603
53 68 3.11984466
50 12 5.80474795
6 65 6.73332953
27 20 5.21547844
72 6 7.24437532
35 67 3.98609135
77 26 6.85545281
44 27 9.88268635
37 52 5.07112483
98 70 6.29768321
92 52 5.09775013
11 81 9.35711709
48 45 3.10673099
46 53 3.08414959
89 56 9.38386099
25 39 8.57808731
81 98 8.23451821
7 34 4.62587942
88 20 4.25124387
28 73 7.34836907
25 15 3.98035007
5 91 7.87597765
15 97 8.5267307
3 81 1.1079969
16 76 5.20956579
54 21 9.2675081
29 34 2.11134696
42 93 9.49467584
97 71 3.83242605
67 33 4.02887039
76 38 5.50715411
49 26 4.04205574
39 43 3.07715309
16 80 5.64854496
19 76 3.13197526
18 69 6.52532514
19 23 7.90221818
22 73 8.08837321
66 16 1.85444695
19 93 7.0754953
45 51 8.55987905
62 38 7.75883581
61 34 2.9644185
9 65 8.18515122
52 91 2.92041587
25 8 3.22085441
60 11 5.22147275
30 15 2.06768503
1 57 4.43597981
46 72 4.34808181
30 35 7.61266284
40 28 2.72311226
9 46 9.01720144
81 76 6.2627493
11 10 3.8363395
11 35 0.17612768
86 40 7.96809667
66 17 5.6365515
41 41 1.55530901
27 96 8.06256589
16 1 3.0207762
5 35 3.20163625
36 66 1.65629826
27 71 2.42992851
31 13 5.16528592
74 81 7.79720407
83 15 5.97137827
80 54 4.36387547
63 49 7.66153752
29 91 0.5867919
36 70 5.731688
11 26 2.63131467
78 70 6.77992357
90 93 3.88347941
82 68 5.74903451
38 79 1.32767725
97 29 4.9169944
51 80 2.86201932
98 38 5.39925279
48 40 6.37554886
60 58 6.4578301
23 18 8.5144194
51 51 4.51563797
87 39 9.14240641
2 99 7.51418037
54 47 8.54380554
6 20 7.22785079
18 16 8.71950226
79 96 5.29055667
85 61 6.11864992
15 60 5.97241598
15 76 6.76048659
4 33 7.07770799
33 82 8.34106219
45 7 6.92546682
50 92 3.45463735
8 1 3.5769572
90 25 3.71998481
86 85 6.68161702
60 24 4.78625562
98 49 8.22419688
38 69 2.94770867
84 10 3.15304569
50 6 4.5498195
28 27 0.43912373
32 65 8.45538191
43 22 5.93235564
31 55 7.24059157
20 78 3.67324183
96 68 6.08676374
22 78 3.88610939
19 71 1.77436575
33 26 3.34815975
94 73 6.05431021
22 2 8.01502412
16 66 3.13054664
28 96 9.97337953
15 89 8.04340638
2 54 4.74992601
13 50 9.27079387
83 41 6.0344663
40 68 7.37856693
89 6 6.95184404
95 82 8.58150741
85 23 2.98213236
20 20 4.58297468
24 15 1.29339555
13 68 9.5429077
39 36 4.19458632
7 74 4.28471822
80 93 6.65076042
19 35 7.33491471
69 8 7.87098194
67 7 5.26102348
13 36 2.01413619
23 27 3.86954432
97 19 0.03634096
16 81 6.17775037
12 50 3.49016396
39 17 5.86583475
82 16 6.41841063
99 7 0.84505751
24 35 3.31208747
75 15 5.37881385
84 67 3.72395707
66 82 6.53033835
32 92 1.64706789
63 95 7.19443308
73 0 4.34893296
10 59 2.89135489
26 39 7.55864024
85 92 5.5327455
99 22 1.2924134
64 54 6.56419047
32 20 1.29981597
17 26 7.4825746
21 59 4.61994482
7 24 7.01355382
63 41 2.92082273
11 50 5.13636675
90 14 6.61448564
76 23 1.96917315
36 54 4.73090619
47 59 3.70342189
48 23 2.10062223
95 72 3.27378081
4 43 2.5738541
25 83 8.35480322
13 46 7.83210042
83 2 8.87658648
63 48 3.86951516
12 38 2.83216124
15 67 3.80727385
7 90 6.77721724
57 17 1.12571783
45 82 8.62896081
32 53 1.47937696
81 12 7.70913428
51 69 9.39280113
83 92 2.80242007
70 34 6.08077329
44 95 6.76186799
58 56 1.52014667
34 38 4.68923327
